  0.00000,
  0.00000,
  0.00000,
  0.00000,
  0.00000,
  0.00000,
  0.00000,
  0.00000,
  0.00000,
  0.00000,
  0.00000,
  0.00000,
  0.00000,
  0.00000,
  8.00000,
 16.00000,
 24.00000,
 32.00000,
 40.00000,
 48.00000,
 56.00000,
 56.00000,
 56.00000,
 63.96875,
 72.00000,
 80.03125,
 88.09375,
 96.09375,
104.12500,
112.50000,
121.18750,
130.12500,
139.34375,
148.68750,
158.00000,
167.00000,
175.71875,
184.15625,
192.43750,
200.46875,
208.34375,
216.12500,
223.81250,
234.31250,
244.84375,
255.40625,
257.96875,
260.46875,
262.90625,
265.28125,
265.18750,
265.09375,
265.06250,
273.09375,
281.00000,
281.03125,
281.03125,
281.03125,
281.09375,
281.12500,
281.06250,
280.65625,
279.90625,
278.96875,
277.68750,
276.40625,
275.12500,
274.15625,
273.43750,
273.03125,
272.78125,
272.81250,
272.90625,
273.12500,
273.50000,
271.00000,
268.46875,
265.93750,
263.43750,
260.93750,
258.53125,
256.12500,
256.15625,
256.21875,
256.12500,
256.12500,
256.25000,
256.28125,
256.18750,
256.18750,
256.06250,
256.06250,
256.12500,
256.12500,
256.15625,
256.12500,
256.25000,
256.21875,
256.25000,
256.25000,
256.21875,
256.21875,
256.15625,
256.15625,
256.31250,
256.28125,
256.21875,
256.25000,
256.25000,
256.28125,
256.28125,
256.25000,
256.18750,
256.21875,
256.31250,
256.37500,
256.62500,
256.56250,
256.56250,
256.62500,
256.75000,
256.68750,
256.62500,
256.62500,
256.59375,
256.59375,
256.62500,
256.65625,
256.59375,
256.53125,
256.46875,
256.40625,
256.40625,
256.34375,
256.34375,
256.28125,
256.15625,
256.15625,
256.25000,
256.25000,
256.28125,
256.21875,
256.21875,
256.18750,
256.15625,
256.18750,
256.12500,
256.06250,
256.00000,
256.00000,
255.90625,
255.75000,
255.62500,
255.62500,
255.65625,
255.68750,
255.71875,
255.81250,
255.81250,
255.71875,
255.75000,
255.87500,
255.90625,
256.06250,
256.09375,
256.15625,
256.15625,
256.15625,
256.12500,
256.12500,
256.03125,
255.93750,
255.90625,
255.84375,
255.71875,
255.68750,
255.68750,
255.53125,
255.50000,
255.56250,
255.50000,
255.46875,
255.56250,
255.59375,
255.68750,
255.71875,
255.81250,
255.75000,
255.68750,
255.53125,
255.37500,
255.43750,
255.37500,
255.28125,
255.25000,
255.09375,
255.12500,
255.09375,
255.18750,
255.09375,
255.12500,
255.12500,
255.15625,
255.25000,
255.21875,
255.31250,
255.40625,
255.50000,
255.59375,
255.78125,
255.81250,
255.87500,
255.84375,
255.90625,
255.90625,
255.87500,
255.81250,
255.75000,
255.65625,
255.68750,
255.68750,
255.75000,
255.87500,
255.87500,
255.87500,
255.90625,
255.93750,
256.03125,
256.00000,
256.00000,
255.96875,
256.06250,
256.12500,
256.18750,
256.12500,
256.03125,
256.09375,
256.09375,
255.93750,
255.90625,
255.93750,
255.87500,
255.87500,
255.81250,
255.87500,
255.84375,
255.84375,
255.93750,
256.00000,
256.00000,
256.03125,
255.93750,
255.93750,
255.96875,
256.03125,
256.15625,
256.18750,
256.21875,
256.12500,
256.03125,
255.96875,
255.93750,
256.00000,
256.00000,
255.84375,
255.90625,
255.84375,
255.93750,
255.93750,
255.93750,
256.03125,
256.09375,
256.00000,
256.00000,
256.06250,
256.06250,
256.09375,
256.03125,
255.96875,
255.96875,
256.00000,
256.03125,
256.03125,
256.00000,
255.96875,
255.93750,
255.75000,
255.62500,
255.62500,
255.53125,
255.59375,
255.59375,
255.71875,
255.78125,
255.71875,
255.68750,
255.75000,
255.56250,
255.65625,
255.68750,
255.68750,
256.03125,
257.00000,
258.31250,
260.06250,
261.90625,
263.62500,
264.90625,
265.81250,
266.46875,
266.68750,
266.65625,
266.40625,
266.00000,
265.59375,
268.18750,
270.78125,
273.37500,
276.09375,
278.62500,
281.06250,
283.46875,
283.34375,
283.31250,
283.09375,
283.00000,
282.90625,
282.93750,
283.03125,
283.12500,
283.12500,
283.12500,
283.09375,
282.78125,
281.90625,
280.50000,
278.81250,
276.87500,
275.00000,
273.68750,
272.71875,
272.09375,
271.87500,
271.84375,
272.00000,
272.43750,
272.81250,
270.34375,
267.81250,
265.28125,
262.75000,
260.18750,
257.71875,
255.31250,
255.53125,
255.59375,
255.75000,
255.81250,
255.87500,
255.75000,
255.65625,
255.56250,
255.62500,
255.56250,
255.59375,
255.59375,
255.46875,
255.56250,
255.62500,
255.62500,
255.68750,
255.71875,
255.68750,
255.75000,
255.75000,
255.78125,
255.75000,
255.75000,
255.75000,
255.78125,
255.75000,
255.71875,
255.65625,
255.59375,
255.62500,
255.56250,
255.40625,
255.46875,
255.37500,
255.34375,
255.25000,
255.37500,
255.40625,
255.43750,
255.37500,
255.46875,
255.53125,
255.46875,
255.53125,
255.43750,
255.34375,
255.46875,
255.62500,
255.65625,
255.78125,
255.75000,
255.75000,
255.75000,
255.81250,
255.81250,
255.84375,
255.84375,
255.78125,
255.84375,
255.84375,
256.06250,
256.03125,
256.12500,
256.25000,
256.12500,
256.28125,
256.34375,
256.53125,
256.43750,
256.46875,
256.59375,
256.56250,
256.46875,
256.37500,
256.43750,
256.40625,
256.50000,
256.50000,
256.43750,
256.34375,
256.21875,
256.18750,
256.21875,
256.18750,
256.25000,
256.31250,
256.37500,
256.37500,
256.34375,
256.46875,
256.40625,
256.46875,
256.40625,
256.37500,
256.40625,
256.31250,
256.34375,
256.31250,
256.25000,
256.03125,
256.18750,
256.12500,
256.03125,
256.03125,
256.03125,
256.00000,
255.87500,
255.84375,
255.81250,
255.84375,
255.96875,
256.00000,
256.00000,
255.84375,
255.81250,
255.87500,
255.75000,
255.68750,
255.50000,
255.46875,
255.50000,
255.46875,
255.46875,
255.46875,
255.53125,
255.68750,
255.59375,
255.62500,
255.59375,
255.59375,
255.59375,
255.68750,
255.56250,
255.62500,
255.68750,
255.62500,
255.65625,
255.65625,
255.71875,
255.71875,
255.65625,
255.53125,
255.43750,
255.40625,
255.53125,
255.62500,
255.75000,
255.71875,
255.90625,
255.93750,
256.03125,
256.09375,
256.09375,
256.12500,
256.15625,
256.06250,
255.93750,
255.81250,
255.78125,
255.71875,
255.68750,
255.59375,
255.62500,
255.62500,
255.68750,
255.71875,
255.65625,
255.81250,
255.75000,
255.71875,
255.71875,
255.84375,
255.93750,
255.96875,
256.03125,
256.09375,
255.96875,
255.93750,
255.87500,
255.93750,
255.84375,
255.78125,
255.87500,
255.90625,
255.84375,
255.78125,
255.62500,
255.71875,
255.71875,
255.78125,
255.84375,
255.90625,
256.03125,
256.09375,
256.03125,
256.03125,
256.03125,
256.00000,
256.00000,
255.93750,
256.09375,
256.15625,
256.15625,
256.09375,
256.12500,
256.21875,
256.18750,
256.15625,
256.21875,
256.28125,
256.18750,
256.25000,
256.25000,
256.18750,
256.18750,
256.06250,
256.06250,
256.12500,
256.31250,
256.25000,
256.21875,
256.21875,
256.28125,
256.21875,
256.25000,
256.25000,
256.37500,
256.53125,
256.53125,
256.40625,
256.43750,
256.50000,
256.37500,
256.40625,
256.37500,
256.31250,
256.21875,
256.25000,
256.21875,
256.09375,
256.09375,
256.18750,
256.25000,
256.25000,
256.25000,
256.40625,
256.34375,
256.40625,
256.37500,
256.21875,
256.15625,
256.28125,
256.34375,
256.28125,
256.18750,
256.21875,
256.06250,
256.00000,
255.96875,
255.90625,
255.87500,
256.06250,
256.12500,
256.00000,
256.06250,
256.06250,
256.12500,
256.12500,
256.09375,
256.00000,
256.06250,
256.15625,
256.12500,
255.90625,
255.93750,
255.81250,
255.81250,
255.71875,
255.75000,
255.75000,
255.78125,
255.84375,
255.84375,
255.81250,
255.84375,
255.93750,
256.12500,
256.18750,
256.31250,
256.37500,
256.31250,
256.18750,
256.15625,
256.09375,
256.00000,
256.09375,
256.03125,
255.84375,
255.75000,
255.81250,
255.87500,
255.93750,
255.81250,
255.90625,
256.37500,
257.46875,
258.90625,
260.81250,
262.87500,
265.28125,
267.62500,
269.65625,
271.12500,
272.12500,
272.56250,
272.59375,
272.34375,
271.78125,
271.06250,
270.34375,
269.62500,
268.93750,
268.43750,
267.96875,
267.56250,
267.28125,
267.09375,
266.93750,
267.00000,
267.06250,
267.12500,
267.15625,
267.03125,
267.00000,
267.03125,
266.87500,
266.40625,
265.37500,
263.90625,
262.03125,
259.96875,
257.56250,
255.28125,
253.25000,
251.78125,
250.71875,
250.25000,
250.12500,
250.37500,
250.96875,
251.56250,
252.18750,
252.87500,
253.46875,
254.00000,
254.46875,
254.90625,
255.12500,
255.43750,
255.56250,
255.53125,
255.65625,
255.62500,
255.56250,
255.65625,
255.65625,
255.81250,
255.87500,
255.84375,
255.87500,
255.90625,
255.93750,
255.90625,
256.00000,
255.84375,
255.71875,
255.81250,
256.03125,
255.96875,
255.96875,
256.00000,
255.84375,
255.81250,
255.87500,
255.90625,
255.87500,
255.87500,
255.87500,
255.90625,
255.90625,
255.81250,
255.78125,
255.71875,
255.78125,
255.84375,
255.87500,
255.90625,
255.87500,
255.81250,
255.78125,
255.90625,
255.90625,
255.93750,
255.84375,
255.84375,
255.81250,
255.78125,
255.93750,
255.90625,
255.84375,
255.90625,
255.84375,
255.75000,
255.84375,
255.93750,
255.90625,
255.84375,
255.96875,
255.93750,
256.00000,
256.09375,
256.15625,
256.12500,
256.15625,
256.18750,
256.12500,
256.09375,
256.09375,
256.12500,
256.15625,
256.09375,
256.09375,
255.96875,
255.96875,
255.84375,
255.90625,
255.96875,
255.84375,
255.93750,
255.87500,
255.96875,
255.93750,
256.00000,
256.12500,
256.50000,
257.15625,
258.15625,
259.46875,
260.96875,
262.62500,
264.31250,
265.75000,
266.68750,
267.31250,
267.59375,
267.62500,
267.40625,
266.93750,
266.43750,
265.93750,
265.34375,
264.93750,
264.37500,
264.09375,
263.90625,
263.65625,
263.62500,
263.59375,
263.40625,
263.43750,
263.40625,
263.40625,
263.31250,
263.34375,
263.43750,
263.40625,
263.12500,
262.50000,
261.43750,
260.21875,
258.84375,
257.15625,
255.46875,
254.06250,
252.96875,
252.31250,
252.03125,
252.03125,
252.18750,
252.53125,
253.03125,
253.46875,
254.00000,
254.46875,
254.96875,
255.28125,
255.50000,
255.84375,
255.87500,
255.93750,
256.12500,
256.25000,
256.34375,
256.34375,
256.31250,
256.37500,
256.15625,
256.21875,
256.12500,
256.12500,
256.06250,
255.93750,
255.93750,
255.90625,
255.96875,
255.96875,
255.96875,
255.93750,
255.90625,
255.87500,
255.87500,
255.96875,
255.93750,
256.00000,
255.96875,
255.84375,
255.81250,
255.81250,
255.78125,
255.68750,
255.75000,
255.68750,
255.53125,
255.50000,
255.40625,
255.43750,
255.34375,
255.25000,
255.34375,
255.25000,
255.37500,
255.28125,
255.34375,
255.40625,
255.37500,
255.40625,
255.34375,
255.21875,
255.18750,
255.34375,
255.31250,
255.28125,
255.37500,
255.37500,
255.34375,
255.34375,
255.43750,
255.40625,
255.50000,
255.50000,
255.53125,
255.56250,
255.56250,
255.53125,
255.65625,
255.62500,
255.68750,
255.71875,
255.78125,
255.81250,
255.78125,
255.75000,
255.65625,
255.65625,
255.56250,
255.59375,
255.50000,
255.56250,
255.62500,
255.75000,
255.84375,
255.71875,
255.75000,
255.71875,
255.75000,
255.71875,
255.75000,
255.75000,
255.75000,
255.84375,
255.84375,
255.87500,
255.96875,
255.90625,
255.90625,
255.87500,
255.90625,
255.87500,
255.84375,
255.78125,
255.81250,
255.81250,
255.78125,
255.71875,
255.71875,
255.81250,
256.03125,
255.96875,
256.03125,
256.00000,
255.96875,
255.90625,
255.96875,
256.03125,
256.06250,
256.00000,
255.84375,
255.84375,
255.93750,
255.90625,
255.90625,
255.87500,
255.78125,
255.78125,
255.90625,
256.28125,
256.84375,
257.71875,
258.37500,
259.34375,
260.31250,
261.18750,
261.71875,
262.03125,
262.25000,
262.43750,
262.21875,
262.00000,
261.53125,
261.28125,
260.90625,
260.68750,
260.40625,
260.34375,
260.09375,
259.90625,
259.84375,
259.93750,
260.00000,
260.06250,
259.93750,
259.93750,
259.93750,
260.00000,
260.12500,
260.12500,
259.90625,
259.56250,
258.96875,
258.18750,
257.43750,
256.56250,
255.59375,
254.75000,
254.12500,
253.84375,
253.75000,
253.62500,
253.75000,
253.87500,
254.18750,
254.50000,
254.84375,
255.03125,
255.31250,
255.43750,
255.59375,
255.68750,
255.84375,
255.90625,
255.87500,
255.84375,
255.81250,
255.87500,
255.78125,
255.71875,
255.65625,
255.53125,
255.50000,
255.53125,
255.59375,
255.59375,
255.59375,
255.46875,
255.50000,
255.53125,
255.62500,
255.53125,
255.40625,
255.46875,
255.59375,
255.62500,
255.68750,
255.59375,
255.56250,
255.62500,
255.62500,
255.62500,
255.68750,
255.75000,
255.71875,
255.71875,
255.68750,
255.78125,
255.90625,
255.90625,
255.96875,
255.93750,
255.87500,
255.93750,
255.93750,
255.84375,
255.90625,
255.87500,
255.90625,
255.93750,
255.87500,
255.71875,
255.62500,
255.68750,
255.65625,
255.68750,
255.68750,
255.65625,
255.62500,
255.71875,
255.68750,
255.68750,
255.65625,
255.56250,
255.46875,
255.43750,
255.40625,
255.46875,
255.59375,
255.56250,
255.56250,
255.56250,
255.56250,
255.59375,
255.65625,
255.65625,
255.65625,
255.68750,
255.53125,
255.59375,
255.62500,
255.59375,
255.68750,
255.81250,
255.90625,
255.90625,
256.00000,
255.90625,
256.00000,
256.06250,
256.09375,
255.96875,
256.00000,
255.93750,
255.96875,
255.96875,
256.12500,
256.15625,
256.12500,
256.12500,
256.12500,
256.06250,
256.00000,
255.96875,
256.00000,
256.00000,
256.06250,
256.00000,
256.03125,
256.06250,
256.09375,
256.00000,
255.84375,
255.87500,
255.78125,
255.75000,
255.84375,
255.78125,
255.75000,
255.81250,
255.68750,
255.65625,
255.65625,
255.78125,
255.84375,
255.81250,
255.68750,
255.71875,
255.62500,
255.59375,
255.56250,
255.53125,
255.53125,
255.62500,
255.59375,
255.50000,
255.53125,
255.56250,
255.59375,
255.75000,
255.75000,
255.75000,
255.84375,
255.93750,
256.06250,
256.09375,
256.15625,
256.12500,
256.06250,
255.96875,
256.09375,
256.00000,
255.90625,
255.87500,
255.87500,
255.90625,
255.87500,
255.93750,
256.06250,
256.03125,
256.09375,
256.03125,
256.06250,
255.96875,
255.87500,
255.84375,
255.87500,
256.00000,
255.90625,
255.84375,
255.78125,
255.62500,
255.65625,
255.56250,
255.46875,
255.43750,
255.37500,
255.34375,
255.34375,
255.37500,
255.31250,
255.46875,
255.37500,
255.37500,
255.56250,
255.68750,
255.71875,
255.59375,
255.65625,
255.65625,
255.65625,
255.65625,
255.65625,
255.68750,
255.87500,
255.93750,
255.93750,
255.87500,
255.93750,
255.78125,
255.87500,
256.00000,
256.03125,
256.12500,
256.15625,
256.28125,
256.34375,
256.46875,
256.46875,
256.53125,
256.40625,
256.43750,
256.50000,
256.46875,
256.46875,
256.59375,
256.46875,
256.34375,
256.25000,
256.31250,
256.34375,
256.34375,
256.37500,
256.46875,
256.34375,
256.40625,
256.25000,
256.09375,
256.21875,
256.25000,
256.12500,
256.15625,
256.09375,
256.09375,
256.12500,
256.06250,
256.06250,
256.09375,
256.09375,
255.93750,
255.90625,
255.87500,
256.03125,
256.00000,
255.93750,
255.93750,
255.96875,
255.90625,
255.87500,
255.93750,
255.93750,
255.93750,
255.84375,
255.78125,
255.75000,
255.65625,
255.78125,
255.75000,
255.71875,
255.87500,
255.81250,
255.78125,
255.87500,
255.93750,
256.03125,
255.93750,
255.90625,
256.06250,
256.06250,
256.00000,
255.96875,
255.93750,
256.03125,
255.96875,
255.93750,
255.96875,
255.90625,
255.84375,
255.87500,
255.90625,
255.96875,
255.90625,
255.93750,
256.00000,
255.90625,
256.03125,
256.00000,
256.06250,
256.06250,
256.06250,
256.15625,
256.12500,
256.03125,
255.96875,
256.06250,
256.12500,
256.09375,
256.21875,
256.12500,
256.06250,
256.06250,
256.06250,
256.06250,
256.06250,
256.06250,
256.21875,
256.18750,
256.21875,
256.25000,
256.25000,
256.25000,
256.34375,
256.31250,
256.37500,
256.31250,
256.28125,
256.34375,
256.31250,
256.34375,
256.43750,
256.25000,
256.28125,
256.28125,
256.25000,
256.28125,
256.34375,
256.18750,
256.18750,
256.18750,
256.09375,
256.12500,
256.12500,
256.09375,
256.06250,
256.09375,
256.12500,
256.09375,
256.06250,
256.03125,
256.00000,
256.03125,
256.12500,
256.03125,
256.06250,
256.06250,
256.03125,
256.09375,
255.96875,
256.03125,
255.90625,
255.93750,
255.81250,
255.96875,
256.00000,
255.93750,
256.09375,
256.15625,
256.21875,
256.34375,
256.34375,
256.34375,
256.21875,
256.31250,
256.28125,
256.37500,
256.43750,
256.37500,
256.43750,
256.46875,
256.34375,
256.40625,
256.31250,
256.25000,
256.15625,
256.25000,
256.15625,
256.21875,
256.28125,
256.31250,
256.40625,
256.34375,
256.43750,
256.43750,
256.46875,
256.46875,
256.31250,
256.25000,
256.15625,
256.09375,
256.15625,
256.15625,
256.21875,
256.15625,
256.31250,
256.21875,
256.25000,
256.12500,
256.25000,
256.34375,
256.28125,
256.31250,
256.28125,
256.31250,
256.40625,
256.50000,
256.59375,
256.46875,
256.53125,
256.53125,
256.46875,
256.37500,
256.31250,
256.40625,
256.34375,
256.31250,
256.31250,
256.28125,
256.43750,
256.56250,
256.56250,
256.62500,
256.50000,
256.43750,
256.34375,
256.31250,
256.25000,
256.28125,
256.25000,
256.34375,
256.25000,
256.28125,
256.37500,
256.28125,
256.37500,
256.28125,
256.21875,
256.15625,
256.06250,
256.18750,
256.12500,
256.09375,
256.12500,
256.18750,
256.25000,
256.18750,
256.21875,
256.09375,
256.09375,
256.12500,
256.06250,
255.96875,
256.03125,
256.06250,
256.09375,
256.09375,
256.03125,
256.00000,
256.00000,
256.06250,
255.96875,
255.87500,
255.81250,
255.78125,
255.68750,
255.75000,
255.75000,
255.78125,
255.81250,
255.87500,
255.93750,
255.81250,
255.81250,
255.78125,
255.75000,
255.78125,
255.75000,
255.71875,
255.75000,
255.75000,
255.68750,
255.65625,
255.75000,
255.75000,
255.68750,
255.62500,
255.62500,
255.65625,
255.71875,
255.78125,
255.78125,
255.62500,
255.75000,
255.75000,
255.81250,
255.71875,
255.71875,
255.71875,
255.68750,
255.75000,
255.81250,
255.78125,
255.78125,
255.78125,
255.78125,
255.75000,
255.71875,
255.71875,
255.84375,
255.87500,
255.90625,
255.96875,
256.03125,
256.06250,
255.96875,
255.96875,
255.90625,
255.96875,
255.96875,
255.90625,
255.84375,
255.71875,
255.68750,
255.84375,
255.81250,
255.93750,
255.90625,
256.00000,
256.03125,
256.03125,
256.03125,
256.00000,
256.03125,
256.00000,
255.96875,
255.96875,
255.87500,
255.87500,
255.87500,
255.87500,
255.84375,
255.84375,
255.87500,
256.00000,
255.96875,
256.00000,
256.06250,
256.09375,
256.03125,
256.09375,
256.09375,
256.03125,
256.09375,
256.25000,
256.25000,
256.09375,
256.06250,
255.90625,
255.93750,
255.87500,
255.84375,
255.93750,
255.93750,
255.90625,
255.78125,
255.75000,
255.78125,
255.87500,
255.93750,
255.90625,
255.93750,
255.96875,
255.93750,
255.87500,
255.78125,
255.78125,
255.75000,
255.68750,
255.62500,
255.65625,
255.71875,
255.62500,
255.50000,
255.50000,
255.50000,
255.46875,
255.46875,
255.59375,
255.62500,
255.62500,
255.62500,
255.59375,
255.59375,
255.53125,
255.59375,
255.56250,
255.65625,
255.68750,
255.65625,
255.59375,
255.56250,
255.56250,
255.53125,
255.37500,
255.37500,
255.46875,
255.56250,
255.40625,
255.53125,
255.46875,
255.43750,
255.31250,
255.34375,
255.34375,
255.46875,
255.50000,
255.53125,
255.59375,
255.65625,
255.50000,
255.40625,
255.59375,
255.50000,
255.56250,
255.53125,
255.46875,
255.40625,
255.43750,
255.46875,
255.59375,
255.65625,
255.68750,
255.68750,
255.75000,
255.78125,
255.75000,
255.75000,
255.68750,
255.65625,
255.78125,
255.65625,
255.71875,
255.71875,
255.75000,
255.71875,
255.71875,
255.78125,
255.87500,
255.90625,
255.78125,
255.75000,
255.90625,
256.03125,
255.87500,
255.93750,
255.96875,
256.03125,
256.09375,
256.12500,
256.06250,
255.90625,
255.78125,
255.81250,
255.84375,
255.93750,
255.96875,
255.84375,
256.03125,
255.96875,
255.93750,
255.93750,
255.96875,
255.96875,
255.90625,
255.90625,
255.93750,
255.96875,
255.93750,
255.81250,
255.78125,
255.65625,
255.81250,
255.90625,
255.93750,
255.84375,
255.81250,
255.75000,
255.68750,
255.75000,
255.71875,
255.65625,
255.65625,
255.81250,
255.87500,
255.81250,
255.75000,
255.68750,
255.75000,
255.84375,
255.81250,
255.78125,
255.81250,
255.81250,
255.68750,
255.71875,
255.71875,
255.84375,
255.90625,
255.84375,
255.87500,
255.90625,
255.84375,
255.81250,
255.68750,
255.68750,
255.68750,
255.78125,
255.84375,
255.84375,
255.78125,
255.78125,
255.84375,
255.96875,
256.06250,
256.00000,
255.90625,
255.78125,
255.90625,
255.90625,
255.87500,
255.90625,
255.84375,
255.93750,
256.00000,
255.93750,
255.93750,
256.00000,
256.03125,
255.90625,
255.84375,
255.87500,
255.87500,
255.87500,
255.87500,
255.90625,
255.87500,
255.81250,
255.75000,
255.65625,
255.68750,
255.71875,
255.71875,
255.78125,
255.71875,
255.59375,
255.56250,
255.59375,
255.68750,
255.84375,
255.75000,
255.78125,
255.71875,
255.62500,
255.65625,
255.59375,
255.46875,
255.62500,
255.59375,
255.59375,
255.68750,
255.81250,
255.78125,
255.90625,
255.87500,
255.93750,
256.03125,
256.00000,
256.06250,
256.12500,
256.03125,
256.09375,
256.09375,
256.15625,
256.21875,
256.15625,
256.12500,
256.09375,
255.96875,
255.96875,
255.96875,
256.09375,
256.18750,
256.18750,
256.25000,
256.37500,
256.28125,
256.28125,
256.40625,
256.40625,
256.43750,
256.40625,
256.34375,
256.31250,
256.34375,
256.15625,
256.18750,
256.18750,
256.18750,
256.28125,
256.37500,
256.34375,
256.34375,
256.34375,
256.21875,
256.06250,
256.12500,
256.03125,
256.03125,
256.06250,
256.15625,
256.06250,
256.09375,
255.90625,
255.78125,
255.75000,
255.65625,
255.68750,
255.81250,
255.71875,
255.65625,
255.59375,
255.65625,
255.68750,
255.62500,
255.56250,
255.59375,
255.71875,
255.65625,
255.56250,
255.59375,
255.59375,
255.40625,
255.40625,
255.50000,
255.50000,
255.62500,
255.81250,
255.78125,
255.68750,
255.71875,
255.78125,
255.81250,
255.84375,
255.84375,
255.96875,
256.03125,
256.06250,
256.12500,
256.03125,
256.00000,
256.15625,
256.15625,
256.12500,
256.15625,
256.06250,
256.18750,
256.18750,
256.25000,
256.28125,
256.37500,
256.37500,
256.62500,
257.40625,
258.65625,
260.15625,
261.87500,
263.37500,
264.50000,
265.09375,
265.56250,
265.90625,
265.96875,
265.75000,
265.40625,
265.06250,
267.50000,
269.93750,
272.46875,
275.00000,
277.50000,
279.96875,
282.34375,
282.34375,
282.28125,
282.21875,
282.09375,
282.09375,
281.96875,
281.96875,
281.81250,
281.71875,
281.56250,
281.71875,
281.37500,
280.59375,
279.34375,
277.71875,
276.00000,
274.50000,
273.37500,
272.81250,
272.43750,
272.18750,
272.09375,
272.34375,
272.62500,
272.96875,
270.46875,
267.93750,
265.37500,
262.71875,
260.21875,
257.87500,
255.53125,
255.53125,
255.56250,
255.56250,
255.65625,
255.75000,
255.78125,
255.78125,
255.93750,
255.90625,
256.03125,
255.90625,
255.90625,
255.90625,
255.93750,
256.00000,
256.03125,
256.06250,
256.06250,
255.90625,
255.84375,
255.96875,
255.96875,
255.93750,
256.09375,
256.15625,
256.18750,
256.09375,
256.09375,
256.18750,
256.25000,
256.03125,
255.96875,
255.96875,
255.90625,
256.00000,
255.90625,
255.87500,
255.90625,
255.84375,
255.78125,
255.78125,
255.75000,
255.81250,
255.87500,
255.93750,
256.00000,
256.03125,
256.09375,
256.09375,
256.09375,
256.12500,
256.03125,
255.96875,
256.06250,
256.18750,
256.00000,
255.84375,
255.84375,
255.78125,
255.75000,
255.75000,
255.65625,
255.84375,
255.81250,
255.75000,
255.87500,
255.78125,
255.90625,
255.93750,
255.90625,
256.00000,
255.96875,
256.09375,
256.18750,
256.15625,
256.12500,
256.03125,
256.09375,
256.15625,
256.09375,
256.15625,
256.18750,
256.18750,
256.15625,
256.15625,
256.03125,
255.93750,
256.09375,
256.15625,
256.15625,
256.31250,
256.31250,
256.37500,
256.40625,
256.31250,
256.40625,
256.50000,
256.43750,
256.50000,
256.53125,
256.43750,
256.37500,
256.28125,
256.21875,
256.09375,
256.09375,
256.12500,
256.06250,
256.09375,
256.03125,
256.00000,
255.90625,
255.68750,
255.62500,
255.59375,
255.62500,
255.62500,
255.68750,
255.59375,
255.56250,
255.50000,
255.46875,
255.43750,
255.53125,
255.43750,
255.34375,
255.40625,
255.34375,
255.21875,
255.34375,
255.37500,
255.34375,
255.40625,
255.43750,
255.46875,
255.56250,
255.59375,
255.46875,
255.37500,
255.40625,
255.46875,
255.46875,
255.43750,
255.59375,
255.65625,
255.65625,
255.75000,
255.81250,
255.75000,
255.84375,
255.90625,
256.00000,
256.09375,
256.09375,
256.15625,
256.15625,
256.06250,
256.12500,
256.15625,
256.12500,
256.18750,
256.15625,
256.09375,
256.03125,
256.03125,
256.18750,
256.21875,
256.25000,
256.31250,
256.34375,
256.28125,
256.25000,
256.21875,
256.28125,
256.25000,
256.18750,
256.18750,
256.09375,
256.00000,
255.96875,
256.00000,
255.81250,
255.84375,
255.71875,
255.81250,
255.78125,
255.78125,
255.65625,
255.75000,
255.81250,
255.81250,
255.84375,
255.75000,
255.68750,
255.68750,
255.65625,
255.62500,
255.56250,
255.46875,
255.40625,
255.37500,
255.40625,
255.40625,
255.43750,
255.37500,
255.25000,
255.25000,
255.25000,
255.40625,
255.37500,
255.34375,
255.28125,
255.28125,
255.40625,
255.43750,
255.50000,
255.46875,
255.53125,
255.46875,
255.43750,
255.53125,
255.46875,
255.37500,
255.31250,
255.53125,
255.56250,
255.56250,
255.59375,
255.65625,
255.46875,
255.56250,
255.62500,
255.62500,
255.71875,
255.81250,
255.71875,
255.71875,
255.75000,
255.78125,
255.75000,
255.68750,
255.75000,
255.81250,
255.78125,
255.71875,
255.75000,
255.62500,
255.59375,
255.71875,
255.71875,
255.81250,
255.90625,
255.87500,
255.87500,
255.84375,
255.84375,
255.62500,
255.62500,
255.59375,
255.62500,
255.56250,
255.71875,
255.78125,
255.84375,
255.84375,
255.78125,
255.81250,
255.96875,
255.96875,
255.96875,
256.03125,
256.00000,
255.90625,
256.00000,
256.00000,
256.03125,
256.12500,
256.12500,
256.15625,
256.12500,
256.00000,
255.96875,
255.84375,
255.81250,
255.78125,
255.78125,
255.84375,
255.84375,
255.90625,
255.90625,
255.93750,
256.00000,
256.03125,
256.06250,
256.00000,
255.93750,
255.93750,
255.90625,
255.84375,
255.75000,
255.71875,
255.71875,
255.65625,
255.68750,
255.78125,
256.18750,
257.31250,
259.06250,
261.15625,
263.53125,
266.25000,
268.96875,
271.31250,
273.03125,
274.12500,
274.71875,
274.78125,
274.53125,
273.93750,
273.28125,
272.50000,
271.56250,
270.75000,
270.00000,
269.43750,
269.00000,
268.65625,
268.40625,
268.28125,
268.09375,
268.12500,
268.15625,
268.25000,
268.21875,
268.28125,
268.28125,
268.18750,
267.71875,
266.62500,
264.96875,
262.93750,
260.46875,
257.78125,
255.06250,
252.78125,
251.00000,
249.93750,
249.50000,
249.56250,
249.78125,
250.40625,
251.18750,
252.03125,
252.87500,
253.75000,
254.53125,
255.06250,
255.53125,
255.78125,
255.93750,
256.15625,
256.31250,
256.28125,
256.31250,
256.25000,
256.37500,
256.40625,
256.43750,
256.46875,
256.50000,
256.53125,
256.46875,
256.40625,
256.46875,
256.43750,
256.43750,
256.25000,
256.34375,
256.31250,
256.18750,
256.09375,
256.18750,
256.21875,
256.25000,
256.21875,
256.34375,
256.31250,
256.25000,
256.25000,
256.18750,
256.18750,
256.28125,
256.12500,
256.21875,
256.28125,
256.18750,
256.15625,
256.06250,
255.96875,
255.84375,
255.90625,
255.93750,
255.84375,
255.90625,
255.87500,
255.78125,
255.90625,
255.90625,
256.06250,
256.06250,
256.18750,
256.25000,
256.21875,
256.12500,
256.09375,
255.96875,
256.03125,
256.06250,
256.06250,
256.09375,
256.15625,
256.18750,
256.31250,
256.31250,
256.34375,
256.21875,
256.09375,
256.21875,
256.31250,
256.37500,
256.34375,
256.50000,
256.46875,
256.40625,
256.31250,
256.25000,
256.18750,
256.25000,
256.06250,
256.00000,
255.93750,
255.87500,
255.87500,
255.71875,
255.78125,
256.21875,
257.03125,
258.28125,
259.62500,
261.25000,
263.09375,
264.93750,
266.50000,
267.65625,
268.37500,
268.71875,
268.75000,
268.53125,
268.15625,
267.71875,
267.15625,
266.53125,
266.06250,
265.46875,
265.12500,
264.84375,
264.68750,
264.59375,
264.56250,
264.46875,
264.65625,
264.65625,
264.62500,
264.62500,
264.53125,
264.65625,
264.56250,
264.21875,
263.40625,
262.21875,
260.84375,
259.18750,
257.21875,
255.28125,
253.59375,
252.37500,
251.65625,
251.37500,
251.40625,
251.71875,
252.12500,
252.50000,
252.96875,
253.56250,
254.06250,
254.75000,
255.03125,
255.40625,
255.68750,
255.87500,
255.93750,
256.06250,
255.93750,
256.00000,
256.03125,
256.09375,
256.12500,
256.06250,
256.12500,
256.12500,
256.09375,
256.18750,
256.12500,
256.06250,
256.15625,
256.31250,
256.37500,
256.46875,
256.34375,
256.25000,
256.12500,
256.06250,
256.15625,
256.25000,
256.37500,
256.37500,
256.40625,
256.25000,
256.40625,
256.31250,
256.25000,
256.18750,
256.21875,
256.18750,
256.18750,
256.21875,
256.15625,
256.15625,
256.18750,
256.28125,
256.25000,
256.21875,
256.21875,
256.15625,
256.15625,
256.15625,
256.21875,
256.09375,
256.06250,
256.03125,
256.09375,
256.15625,
256.25000,
256.31250,
256.28125,
256.18750,
256.18750,
256.25000,
256.18750,
256.25000,
256.12500,
256.12500,
256.18750,
256.15625,
256.15625,
256.09375,
256.12500,
256.06250,
256.18750,
256.12500,
256.09375,
256.09375,
256.00000,
256.06250,
256.09375,
256.09375,
256.12500,
256.12500,
256.12500,
256.03125,
256.03125,
256.06250,
256.25000,
256.09375,
256.09375,
256.00000,
256.03125,
256.09375,
256.03125,
255.90625,
255.93750,
255.87500,
255.84375,
255.84375,
255.81250,
255.84375,
255.87500,
255.87500,
255.81250,
255.81250,
255.71875,
255.65625,
255.65625,
255.62500,
255.68750,
255.65625,
255.59375,
255.53125,
255.46875,
255.53125,
255.40625,
255.53125,
255.62500,
255.56250,
255.40625,
255.53125,
255.53125,
255.56250,
255.50000,
255.43750,
255.43750,
255.43750,
255.46875,
255.40625,
255.59375,
255.68750,
256.03125,
256.50000,
257.06250,
257.68750,
258.43750,
259.31250,
259.96875,
260.56250,
260.87500,
260.90625,
260.96875,
260.71875,
260.56250,
260.31250,
260.12500,
259.87500,
259.65625,
259.37500,
259.18750,
259.03125,
258.93750,
258.84375,
258.81250,
258.84375,
258.87500,
258.87500,
258.87500,
258.90625,
258.87500,
258.90625,
258.81250,
258.65625,
258.34375,
257.87500,
257.28125,
256.75000,
256.00000,
255.18750,
254.50000,
253.96875,
253.68750,
253.65625,
253.56250,
253.71875,
253.90625,
254.12500,
254.46875,
254.59375,
254.84375,
255.18750,
255.34375,
255.53125,
255.59375,
255.62500,
255.59375,
255.56250,
255.56250,
255.53125,
255.62500,
255.65625,
255.65625,
255.65625,
255.59375,
255.78125,
255.81250,
255.84375,
255.84375,
255.78125,
255.93750,
255.90625,
255.87500,
255.87500,
255.93750,
255.84375,
255.87500,
256.00000,
256.03125,
256.06250,
255.90625,
256.00000,
256.00000,
255.81250,
255.75000,
255.75000,
255.78125,
255.87500,
255.96875,
256.03125,
256.03125,
256.12500,
256.00000,
256.03125,
256.00000,
256.00000,
255.96875,
255.84375,
255.75000,
255.68750,
255.78125,
255.78125,
255.62500,
255.65625,
255.71875,
255.75000,
255.59375,
255.68750,
255.78125,
255.71875,
255.75000,
255.78125,
255.93750,
255.87500,
255.93750,
256.09375,
256.25000,
256.15625,
256.18750,
256.15625,
256.15625,
256.15625,
256.15625,
256.15625,
256.18750,
256.18750,
256.28125,
256.28125,
256.31250,
256.37500,
256.43750,
256.50000,
256.50000,
256.46875,
256.53125,
256.46875,
256.50000,
256.46875,
256.37500,
256.40625,
256.25000,
256.21875,
256.12500,
256.12500,
256.09375,
256.18750,
256.12500,
256.03125,
255.90625,
256.00000,
255.93750,
255.87500,
255.84375,
255.78125,
255.84375,
255.75000,
255.78125,
255.75000,
255.75000,
255.71875,
255.78125,
255.81250,
255.75000,
255.71875,
255.59375,
255.56250,
255.40625,
255.40625,
255.46875,
255.43750,
255.68750,
255.59375,
255.68750,
255.78125,
255.81250,
255.81250,
255.68750,
255.65625,
255.71875,
255.78125,
255.78125,
255.78125,
255.84375,
255.90625,
255.90625,
255.93750,
255.84375,
255.93750,
255.87500,
255.81250,
255.78125,
255.78125,
255.75000,
255.62500,
255.71875,
255.75000,
255.84375,
256.00000,
256.12500,
256.15625,
256.12500,
256.12500,
256.09375,
256.00000,
255.93750,
255.78125,
255.81250,
255.78125,
255.90625,
255.87500,
255.81250,
255.78125,
255.81250,
255.81250,
255.81250,
255.84375,
255.81250,
255.62500,
255.65625,
255.65625,
255.71875,
255.78125,
255.78125,
255.81250,
255.84375,
255.90625,
255.81250,
255.78125,
255.78125,
255.81250,
255.84375,
255.75000,
255.71875,
255.71875,
255.65625,
255.84375,
255.87500,
256.00000,
255.93750,
256.00000,
255.81250,
255.78125,
255.75000,
255.75000,
255.75000,
255.65625,
255.59375,
255.59375,
255.59375,
255.87500,
255.87500,
255.78125,
255.71875,
255.71875,
255.75000,
255.78125,
255.78125,
255.84375,
255.87500,
255.87500,
255.81250,
255.75000,
255.68750,
255.75000,
255.78125,
255.84375,
255.84375,
255.78125,
255.75000,
255.65625,
255.71875,
255.68750,
255.84375,
255.78125,
255.84375,
255.96875,
255.93750,
255.93750,
255.90625,
255.68750,
255.84375,
255.81250,
255.78125,
255.84375,
255.96875,
256.03125,
256.00000,
256.03125,
256.06250,
255.96875,
256.03125,
256.03125,
256.00000,
256.06250,
256.09375,
256.06250,
256.06250,
256.03125,
256.00000,
255.96875,
256.06250,
256.03125,
256.03125,
256.03125,
256.00000,
256.12500,
256.12500,
256.03125,
256.09375,
256.18750,
256.15625,
256.34375,
256.15625,
256.03125,
255.96875,
256.03125,
255.93750,
255.96875,
255.93750,
255.93750,
255.81250,
255.84375,
255.71875,
255.78125,
255.78125,
255.75000,
255.78125,
255.90625,
255.90625,
256.00000,
256.09375,
256.03125,
256.06250,
256.28125,
256.31250,
256.31250,
256.31250,
256.28125,
256.31250,
256.31250,
256.34375,
256.28125,
256.40625,
256.37500,
256.43750,
256.46875,
256.46875,
256.46875,
256.46875,
256.43750,
256.37500,
256.28125,
256.40625,
256.43750,
256.50000,
256.50000,
256.50000,
256.50000,
256.53125,
256.46875,
256.46875,
256.40625,
256.31250,
256.50000,
256.46875,
256.34375,
256.25000,
256.15625,
256.15625,
256.28125,
256.25000,
256.18750,
256.12500,
256.15625,
256.12500,
256.12500,
256.18750,
256.21875,
256.31250,
256.25000,
256.25000,
256.25000,
256.28125,
256.37500,
256.31250,
256.25000,
256.25000,
256.21875,
256.21875,
256.15625,
256.06250,
256.09375,
256.00000,
256.09375,
256.12500,
256.12500,
256.03125,
256.06250,
256.15625,
256.25000,
256.25000,
256.15625,
256.15625,
256.18750,
256.21875,
256.31250,
256.43750,
256.46875,
256.28125,
256.28125,
256.18750,
256.21875,
256.28125,
256.25000,
256.37500,
256.37500,
256.37500,
256.43750,
256.46875,
256.40625,
256.43750,
256.40625,
256.53125,
256.50000,
256.59375,
256.43750,
256.34375,
256.34375,
256.37500,
256.43750,
256.37500,
256.40625,
256.43750,
256.37500,
256.34375,
256.37500,
256.31250,
256.21875,
256.09375,
256.15625,
256.18750,
256.12500,
256.21875,
256.18750,
256.06250,
256.09375,
256.00000,
256.00000,
256.00000,
255.96875,
255.93750,
255.96875,
255.93750,
256.00000,
255.96875,
255.93750,
255.93750,
255.96875,
256.09375,
256.03125,
256.06250,
256.00000,
255.93750,
256.03125,
256.06250,
256.15625,
256.15625,
256.15625,
256.12500,
256.18750,
256.18750,
256.03125,
256.21875,
256.28125,
256.25000,
256.31250,
256.37500,
256.34375,
256.37500,
256.31250,
256.25000,
256.18750,
256.21875,
256.18750,
256.18750,
256.18750,
256.12500,
256.15625,
256.06250,
256.15625,
256.09375,
256.00000,
256.03125,
256.00000,
256.03125,
255.90625,
255.90625,
255.93750,
255.96875,
255.84375,
255.90625,
255.84375,
255.87500,
255.90625,
255.78125,
255.78125,
255.75000,
255.71875,
255.78125,
255.68750,
255.75000,
255.78125,
255.93750,
255.90625,
256.00000,
256.03125,
256.06250,
256.00000,
256.00000,
256.06250,
256.12500,
256.06250,
256.06250,
256.15625,
256.15625,
256.12500,
256.12500,
256.21875,
256.18750,
256.15625,
256.12500,
256.25000,
256.25000,
256.25000,
256.12500,
256.21875,
256.31250,
256.31250,
256.50000,
256.46875,
256.37500,
256.46875,
256.34375,
256.43750,
256.34375,
256.43750,
256.37500,
256.43750,
256.40625,
256.43750,
256.56250,
256.53125,
256.59375,
256.62500,
256.68750,
256.62500,
256.65625,
256.68750,
256.65625,
256.53125,
256.50000,
256.50000,
256.56250,
256.50000,
256.53125,
256.53125,
256.62500,
256.56250,
256.62500,
256.65625,
256.43750,
256.37500,
256.37500,
256.31250,
256.43750,
256.31250,
256.21875,
256.18750,
256.18750,
256.09375,
256.18750,
256.18750,
256.12500,
256.18750,
256.12500,
256.06250,
256.03125,
256.06250,
256.00000,
256.03125,
256.06250,
256.12500,
256.18750,
256.18750,
256.15625,
256.21875,
256.31250,
256.18750,
256.21875,
256.12500,
256.06250,
256.03125,
256.09375,
256.12500,
256.15625,
256.28125,
256.12500,
256.28125,
256.37500,
256.50000,
256.46875,
256.46875,
256.46875,
256.43750,
256.40625,
256.34375,
256.40625,
256.40625,
256.37500,
256.40625,
256.50000,
256.50000,
256.53125,
256.40625,
256.34375,
256.31250,
256.34375,
256.25000,
256.06250,
256.18750,
256.12500,
256.28125,
256.28125,
256.25000,
256.25000,
256.28125,
256.25000,
256.09375,
256.18750,
256.03125,
255.93750,
255.87500,
255.90625,
255.87500,
255.78125,
255.78125,
255.84375,
255.87500,
255.87500,
255.90625,
256.03125,
255.93750,
255.78125,
255.78125,
255.78125,
255.81250,
255.87500,
255.90625,
255.84375,
255.90625,
256.03125,
256.12500,
256.09375,
256.09375,
256.06250,
256.00000,
256.06250,
256.06250,
256.09375,
256.06250,
255.96875,
255.93750,
256.00000,
255.96875,
255.96875,
256.00000,
255.96875,
255.87500,
255.84375,
255.75000,
255.59375,
255.53125,
255.43750,
255.50000,
255.43750,
255.40625,
255.31250,
255.37500,
255.31250,
255.25000,
255.21875,
255.18750,
255.15625,
255.00000,
255.09375,
255.00000,
254.84375,
254.93750,
254.90625,
254.90625,
254.90625,
255.00000,
255.00000,
255.06250,
255.06250,
255.09375,
255.06250,
255.09375,
255.18750,
255.31250,
255.25000,
255.21875,
255.25000,
255.25000,
255.28125,
255.31250,
255.40625,
255.34375,
255.40625,
255.46875,
255.50000,
255.46875,
255.53125,
255.53125,
255.59375,
255.65625,
255.62500,
255.71875,
255.78125,
255.71875,
255.78125,
255.75000,
255.84375,
255.87500,
255.90625,
255.87500,
255.90625,
255.78125,
255.68750,
255.65625,
255.62500,
255.53125,
255.50000,
255.56250,
255.68750,
255.84375,
255.75000,
255.65625,
255.62500,
255.62500,
255.65625,
255.56250,
255.53125,
255.59375,
255.59375,
255.59375,
255.53125,
255.50000,
255.56250,
255.37500,
255.43750,
255.50000,
255.43750,
255.53125,
255.40625,
255.40625,
255.46875,
255.40625,
255.43750,
255.50000,
255.50000,
255.46875,
255.37500,
255.50000,
255.53125,
255.56250,
255.43750,
255.37500,
255.37500,
255.43750,
255.53125,
255.56250,
255.56250,
255.56250,
255.53125,
255.59375,
255.62500,
255.65625,
255.62500,
255.65625,
255.56250,
255.68750,
255.78125,
255.84375,
255.78125,
255.71875,
255.81250,
255.78125,
255.75000,
255.90625,
255.78125,
255.90625,
256.03125,
256.06250,
256.12500,
256.15625,
256.15625,
256.18750,
256.25000,
256.21875,
256.25000,
256.25000,
256.21875,
256.25000,
256.28125,
256.28125,
256.40625,
256.31250,
256.37500,
256.43750,
256.43750,
256.40625,
256.40625,
256.46875,
256.40625,
256.34375,
256.43750,
256.46875,
256.46875,
256.53125,
256.59375,
256.53125,
256.62500,
256.56250,
256.59375,
256.56250,
256.56250,
256.53125,
256.59375,
256.56250,
256.59375,
256.62500,
256.65625,
256.59375,
256.62500,
256.68750,
256.68750,
256.71875,
256.59375,
256.65625,
256.50000,
256.34375,
256.37500,
256.37500,
256.34375,
256.28125,
256.34375,
256.28125,
256.31250,
256.21875,
256.31250,
256.25000,
256.21875,
256.25000,
256.31250,
256.28125,
256.34375,
256.31250,
256.25000,
256.25000,
256.15625,
256.15625,
256.18750,
256.18750,
256.21875,
256.25000,
256.18750,
256.28125,
256.28125,
256.25000,
256.31250,
256.28125,
256.37500,
256.46875,
256.34375,
256.40625,
256.46875,
256.46875,
256.37500,
256.50000,
256.50000,
256.43750,
256.31250,
256.40625,
256.37500,
256.31250,
256.28125,
256.28125,
256.15625,
256.31250,
256.37500,
256.46875,
256.53125,
256.50000,
256.46875,
256.37500,
256.34375,
256.40625,
256.34375,
256.18750,
256.21875,
256.21875,
256.21875,
256.18750,
256.21875,
256.18750,
256.25000,
256.28125,
256.25000,
256.28125,
256.31250,
256.28125,
256.25000,
256.71875,
257.43750,
258.43750,
259.87500,
261.59375,
263.09375,
264.18750,
265.00000,
265.31250,
265.62500,
265.50000,
265.28125,
264.93750,
264.31250,
263.90625,
263.50000,
265.96875,
268.59375,
271.15625,
273.65625,
276.18750,
278.59375,
281.00000,
280.90625,
280.87500,
280.93750,
280.90625,
281.00000,
280.96875,
280.90625,
280.90625,
280.84375,
280.43750,
279.68750,
278.62500,
277.18750,
275.46875,
274.03125,
272.90625,
272.06250,
271.62500,
271.46875,
271.43750,
271.56250,
271.90625,
272.46875,
272.90625,
273.28125,
270.90625,
268.34375,
265.84375,
263.31250,
260.78125,
258.28125,
255.87500,
255.93750,
255.93750,
255.84375,
255.81250,
255.75000,
255.68750,
255.78125,
255.71875,
255.84375,
255.87500,
255.96875,
256.03125,
256.03125,
256.03125,
255.93750,
255.81250,
255.84375,
255.84375,
255.78125,
255.78125,
255.75000,
255.68750,
255.71875,
255.75000,
255.78125,
255.62500,
255.71875,
255.62500,
255.53125,
255.56250,
255.68750,
255.78125,
255.71875,
255.71875,
255.81250,
255.81250,
255.71875,
255.75000,
255.65625,
255.71875,
255.65625,
255.62500,
255.53125,
255.40625,
255.37500,
255.37500,
255.34375,
255.34375,
255.31250,
255.40625,
255.31250,
255.31250,
255.40625,
255.50000,
255.46875,
255.46875,
255.53125,
255.56250,
255.40625,
255.40625,
255.43750,
255.46875,
255.40625,
255.34375,
255.37500,
255.50000,
255.40625,
255.34375,
255.43750,
255.43750,
255.50000,
255.43750,
255.50000,
255.53125,
255.50000,
255.53125,
255.53125,
255.46875,
255.43750,
255.56250,
255.62500,
255.56250,
255.62500,
255.71875,
255.75000,
255.75000,
255.75000,
255.78125,
255.71875,
255.75000,
255.81250,
255.90625,
255.87500,
255.78125,
255.87500,
255.81250,
255.75000,
255.59375,
255.68750,
255.78125,
255.87500,
255.90625,
255.87500,
255.93750,
255.96875,
256.00000,
256.09375,
256.18750,
256.28125,
256.34375,
256.40625,
256.37500,
256.34375,
256.40625,
256.40625,
256.40625,
256.40625,
256.37500,
256.34375,
256.31250,
256.37500,
256.37500,
256.46875,
256.37500,
256.37500,
256.46875,
256.28125,
256.37500,
256.43750,
256.46875,
256.46875,
256.40625,
256.31250,
256.31250,
256.37500,
256.31250,
256.15625,
256.06250,
256.00000,
255.96875,
255.96875,
256.00000,
255.96875,
256.06250,
256.12500,
256.06250,
256.09375,
255.93750,
255.96875,
255.93750,
256.00000,
256.00000,
256.00000,
256.00000,
255.96875,
256.03125,
256.12500,
256.12500,
256.21875,
256.21875,
256.21875,
256.21875,
256.15625,
256.18750,
256.15625,
256.21875,
256.18750,
256.21875,
256.21875,
256.34375,
256.34375,
256.25000,
256.21875,
256.18750,
256.18750,
256.09375,
256.09375,
256.09375,
256.06250,
256.03125,
256.03125,
256.06250,
256.06250,
256.09375,
256.03125,
256.09375,
256.00000,
255.84375,
255.81250,
255.71875,
255.71875,
255.65625,
255.81250,
255.84375,
255.81250,
255.75000,
255.68750,
255.75000,
255.75000,
255.75000,
255.71875,
255.75000,
255.78125,
255.81250,
255.81250,
255.84375,
255.90625,
255.93750,
255.93750,
256.00000,
256.03125,
256.15625,
256.12500,
256.06250,
255.96875,
255.87500,
256.00000,
255.90625,
255.96875,
256.09375,
256.09375,
256.12500,
256.18750,
256.21875,
256.03125,
256.06250,
256.18750,
256.31250,
256.43750,
256.28125,
256.21875,
256.21875,
256.31250,
256.25000,
256.18750,
256.15625,
256.15625,
256.28125,
256.28125,
256.31250,
256.21875,
256.18750,
256.15625,
256.28125,
256.34375,
256.37500,
256.43750,
256.53125,
256.34375,
256.40625,
256.43750,
256.40625,
256.50000,
256.50000,
256.43750,
256.37500,
256.31250,
256.28125,
256.31250,
256.28125,
256.25000,
256.28125,
256.28125,
256.31250,
256.25000,
256.12500,
256.12500,
256.18750,
256.09375,
255.96875,
255.96875,
255.96875,
256.06250,
256.06250,
256.06250,
255.93750,
255.90625,
256.03125,
256.03125,
256.00000,
256.00000,
255.93750,
255.90625,
255.84375,
255.81250,
255.81250,
255.84375,
255.96875,
256.06250,
256.18750,
256.12500,
256.03125,
256.03125,
256.06250,
256.06250,
256.03125,
256.06250,
256.12500,
256.15625,
256.06250,
256.09375,
256.12500,
256.18750,
256.78125,
258.00000,
260.06250,
262.62500,
265.59375,
268.75000,
272.03125,
275.00000,
277.12500,
278.53125,
279.15625,
279.15625,
278.93750,
278.15625,
277.25000,
276.28125,
275.18750,
274.15625,
273.28125,
272.56250,
272.03125,
271.59375,
271.34375,
271.25000,
271.03125,
271.00000,
271.06250,
271.03125,
271.12500,
271.06250,
271.03125,
270.90625,
270.18750,
268.84375,
266.71875,
264.12500,
261.25000,
258.06250,
254.71875,
251.75000,
249.56250,
248.21875,
247.59375,
247.59375,
247.90625,
248.68750,
249.62500,
250.56250,
251.68750,
252.62500,
253.40625,
254.06250,
254.56250,
255.03125,
255.18750,
255.28125,
255.50000,
255.53125,
255.53125,
255.56250,
255.53125,
255.65625,
255.62500,
255.68750,
255.78125,
255.84375,
255.81250,
255.87500,
255.81250,
255.75000,
255.68750,
255.68750,
255.81250,
255.81250,
255.78125,
255.87500,
256.00000,
255.93750,
256.00000,
256.06250,
256.00000,
256.12500,
256.15625,
256.21875,
256.28125,
256.25000,
256.25000,
256.25000,
256.18750,
256.18750,
256.12500,
256.12500,
256.12500,
256.06250,
256.06250,
256.09375,
256.12500,
256.09375,
256.28125,
256.15625,
256.18750,
256.18750,
256.18750,
256.25000,
256.21875,
256.28125,
256.31250,
256.21875,
256.09375,
256.03125,
256.06250,
256.03125,
256.03125,
255.90625,
255.87500,
255.93750,
256.03125,
256.03125,
255.96875,
256.09375,
256.21875,
256.25000,
256.34375,
256.37500,
256.34375,
256.34375,
256.37500,
256.21875,
256.34375,
256.46875,
256.37500,
256.43750,
256.40625,
256.43750,
256.46875,
256.43750,
256.40625,
256.31250,
256.37500,
256.46875,
256.75000,
257.50000,
258.50000,
259.81250,
261.40625,
263.28125,
265.15625,
266.71875,
267.78125,
268.46875,
268.90625,
268.78125,
268.56250,
268.12500,
267.65625,
267.09375,
266.56250,
266.12500,
265.56250,
265.18750,
264.78125,
264.46875,
264.34375,
264.28125,
264.15625,
264.18750,
264.15625,
264.12500,
264.18750,
264.12500,
264.00000,
263.90625,
263.59375,
262.84375,
261.78125,
260.46875,
258.87500,
257.15625,
255.34375,
253.62500,
252.43750,
251.75000,
251.40625,
251.40625,
251.53125,
251.87500,
252.40625,
252.90625,
253.46875,
253.90625,
254.46875,
254.87500,
255.12500,
255.34375,
255.43750,
255.56250,
255.59375,
255.59375,
255.56250,
255.56250,
255.37500,
255.46875,
255.68750,
255.65625,
255.68750,
255.71875,
255.65625,
255.62500,
255.59375,
255.40625,
255.31250,
255.37500,
255.53125,
255.56250,
255.62500,
255.62500,
255.71875,
255.75000,
255.68750,
255.75000,
255.78125,
255.81250,
255.75000,
255.87500,
256.00000,
256.03125,
256.09375,
256.03125,
256.12500,
256.09375,
256.09375,
256.15625,
256.28125,
256.40625,
256.18750,
256.12500,
256.12500,
256.15625,
256.09375,
256.15625,
256.18750,
256.31250,
256.28125,
256.21875,
256.09375,
256.03125,
256.09375,
256.12500,
256.09375,
256.28125,
256.25000,
256.25000,
256.28125,
256.37500,
256.31250,
256.21875,
256.12500,
256.12500,
256.06250,
256.00000,
255.90625,
255.93750,
255.90625,
255.81250,
255.90625,
255.78125,
255.81250,
255.90625,
255.90625,
255.87500,
255.96875,
255.84375,
255.87500,
255.90625,
255.96875,
256.12500,
256.12500,
256.12500,
256.09375,
256.03125,
255.93750,
255.81250,
255.84375,
255.84375,
255.84375,
255.78125,
256.00000,
256.06250,
256.12500,
256.06250,
256.18750,
256.25000,
256.37500,
256.34375,
256.37500,
256.43750,
256.40625,
256.31250,
256.34375,
256.31250,
256.31250,
256.34375,
256.34375,
256.43750,
256.46875,
256.43750,
256.50000,
256.43750,
256.56250,
256.71875,
256.62500,
256.62500,
256.75000,
256.75000,
256.75000,
256.75000,
256.71875,
256.68750,
256.56250,
256.50000,
256.62500,
256.93750,
257.43750,
258.21875,
258.90625,
259.84375,
260.84375,
261.59375,
262.15625,
262.59375,
262.78125,
262.71875,
262.62500,
262.31250,
262.09375,
261.78125,
261.31250,
261.03125,
260.71875,
260.56250,
260.37500,
260.06250,
259.87500,
259.93750,
259.84375,
259.78125,
259.71875,
259.71875,
259.68750,
259.59375,
259.65625,
259.59375,
259.43750,
259.15625,
258.56250,
257.84375,
257.12500,
256.21875,
255.31250,
254.53125,
253.87500,
253.59375,
253.46875,
253.62500,
253.71875,
254.06250,
254.21875,
254.46875,
254.81250,
255.15625,
255.34375,
255.46875,
255.46875,
255.62500,
255.87500,
255.81250,
255.84375,
255.93750,
255.81250,
255.78125,
255.71875,
255.87500,
255.78125,
255.81250,
255.62500,
255.62500,
255.65625,
255.65625,
255.62500,
255.56250,
255.59375,
255.65625,
255.62500,
255.56250,
255.43750,
255.37500,
255.34375,
255.25000,
255.37500,
255.37500,
255.43750,
255.34375,
255.37500,
255.34375,
255.37500,
255.43750,
255.46875,
255.53125,
255.59375,
255.56250,
255.78125,
255.71875,
255.84375,
255.78125,
255.81250,
255.87500,
256.03125,
255.93750,
255.87500,
255.81250,
255.84375,
255.81250,
255.78125,
255.81250,
255.84375,
255.93750,
256.06250,
256.03125,
256.03125,
256.18750,
256.12500,
256.15625,
256.12500,
256.12500,
256.15625,
256.21875,
256.31250,
256.28125,
256.15625,
256.21875,
256.18750,
256.15625,
256.12500,
256.18750,
256.06250,
256.09375,
256.21875,
256.21875,
256.12500,
256.18750,
256.12500,
256.03125,
255.96875,
256.06250,
256.00000,
255.96875,
256.00000,
255.90625,
255.93750,
256.06250,
256.03125,
255.87500,
255.87500,
255.87500,
255.90625,
255.93750,
255.93750,
255.87500,
255.78125,
255.84375,
255.90625,
255.87500,
255.90625,
255.93750,
255.96875,
256.00000,
256.09375,
256.03125,
255.87500,
255.90625,
255.96875,
256.03125,
256.18750,
256.28125,
256.21875,
256.25000,
256.25000,
256.15625,
256.09375,
256.21875,
255.96875,
255.93750,
255.90625,
255.87500,
255.81250,
255.78125,
255.75000,
255.75000,
255.78125,
255.81250,
255.84375,
255.78125,
255.78125,
255.78125,
255.71875,
255.71875,
255.68750,
255.68750,
255.65625,
255.62500,
255.59375,
255.56250,
255.46875,
255.43750,
255.40625,
255.43750,
255.53125,
255.50000,
255.46875,
255.59375,
255.75000,
255.59375,
255.65625,
255.56250,
255.65625,
255.81250,
255.84375,
255.84375,
255.87500,
255.84375,
255.84375,
255.87500,
255.87500,
255.84375,
255.84375,
255.78125,
255.84375,
255.87500,
255.75000,
255.71875,
255.71875,
255.84375,
255.93750,
255.90625,
256.03125,
256.09375,
255.96875,
255.96875,
255.96875,
256.00000,
256.12500,
256.00000,
255.87500,
255.84375,
255.93750,
255.93750,
255.87500,
255.84375,
255.90625,
256.03125,
256.03125,
255.96875,
255.93750,
255.93750,
255.90625,
255.90625,
255.81250,
255.81250,
255.81250,
255.75000,
255.84375,
255.90625,
255.96875,
255.84375,
255.78125,
255.84375,
255.84375,
255.87500,
256.00000,
255.96875,
256.03125,
256.03125,
255.96875,
255.93750,
256.00000,
256.03125,
255.90625,
255.96875,
256.06250,
256.06250,
256.06250,
255.90625,
255.84375,
255.93750,
255.93750,
255.90625,
255.84375,
255.84375,
255.90625,
255.90625,
255.81250,
255.84375,
255.87500,
255.78125,
255.75000,
255.78125,
255.81250,
255.62500,
255.62500,
255.50000,
255.37500,
255.40625,
255.31250,
255.34375,
255.31250,
255.43750,
255.43750,
255.40625,
255.53125,
255.46875,
255.34375,
255.31250,
255.12500,
255.21875,
255.25000,
255.21875,
255.15625,
255.15625,
255.25000,
255.25000,
255.34375,
255.31250,
255.31250,
255.25000,
255.21875,
255.28125,
255.28125,
255.28125,
255.25000,
255.37500,
255.34375,
255.34375,
255.43750,
255.37500,
255.40625,
255.37500,
255.37500,
255.34375,
255.21875,
255.25000,
255.28125,
255.43750,
255.50000,
255.56250,
255.78125,
255.75000,
255.78125,
255.78125,
255.84375,
255.84375,
255.90625,
256.00000,
255.96875,
256.03125,
256.12500,
256.28125,
256.28125,
256.25000,
256.21875,
256.15625,
256.18750,
256.28125,
256.34375,
256.37500,
256.34375,
256.43750,
256.43750,
256.40625,
256.28125,
256.31250,
256.46875,
256.46875,
256.40625,
256.28125,
256.31250,
256.28125,
256.28125,
256.25000,
256.37500,
256.43750,
256.37500,
256.31250,
256.31250,
256.40625,
256.34375,
256.31250,
256.25000,
256.09375,
256.09375,
256.06250,
256.06250,
256.25000,
256.25000,
256.18750,
256.06250,
256.06250,
256.03125,
255.90625,
255.96875,
255.87500,
255.96875,
255.93750,
255.78125,
255.81250,
255.90625,
255.90625,
255.93750,
255.93750,
255.96875,
256.00000,
255.87500,
255.78125,
255.81250,
255.87500,
255.90625,
255.75000,
255.75000,
255.81250,
255.81250,
255.84375,
255.81250,
255.90625,
255.90625,
255.81250,
255.90625,
255.87500,
255.90625,
255.87500,
256.00000,
256.00000,
255.93750,
256.12500,
256.21875,
256.18750,
256.31250,
256.34375,
256.25000,
256.18750,
256.15625,
256.06250,
256.00000,
256.03125,
255.93750,
255.90625,
255.90625,
255.93750,
255.90625,
255.93750,
255.96875,
256.03125,
255.96875,
255.90625,
255.93750,
255.84375,
255.81250,
255.81250,
255.65625,
255.62500,
255.68750,
255.75000,
255.78125,
255.84375,
255.84375,
255.78125,
255.68750,
255.75000,
255.59375,
255.53125,
255.56250,
255.50000,
255.50000,
255.56250,
255.56250,
255.56250,
255.62500,
255.75000,
255.71875,
255.65625,
255.62500,
255.50000,
255.46875,
255.28125,
255.34375,
255.40625,
255.46875,
255.56250,
255.59375,
255.53125,
255.65625,
255.75000,
255.71875,
255.59375,
255.56250,
255.53125,
255.53125,
255.50000,
255.65625,
255.65625,
255.84375,
255.93750,
255.87500,
256.00000,
255.93750,
255.87500,
255.84375,
255.68750,
255.71875,
255.75000,
255.81250,
255.93750,
255.87500,
255.93750,
255.93750,
256.03125,
256.03125,
256.12500,
256.06250,
256.06250,
256.12500,
256.21875,
256.18750,
256.18750,
256.18750,
256.28125,
256.21875,
256.31250,
256.28125,
256.31250,
256.25000,
256.25000,
256.15625,
256.06250,
256.12500,
256.09375,
256.18750,
256.21875,
256.25000,
256.37500,
256.37500,
256.28125,
256.40625,
256.31250,
256.40625,
256.34375,
256.25000,
256.21875,
256.18750,
256.06250,
256.00000,
255.93750,
255.87500,
255.90625,
255.96875,
256.00000,
256.06250,
256.06250,
256.15625,
256.09375,
256.12500,
256.12500,
256.09375,
256.12500,
256.21875,
256.28125,
256.21875,
256.31250,
256.31250,
256.28125,
256.28125,
256.21875,
256.28125,
256.34375,
256.25000,
256.31250,
256.25000,
256.31250,
256.43750,
256.53125,
256.56250,
256.62500,
256.65625,
256.71875,
256.71875,
256.65625,
256.62500,
256.53125,
256.62500,
256.65625,
256.53125,
256.65625,
256.68750,
256.59375,
256.56250,
256.53125,
256.53125,
256.53125,
256.59375,
256.53125,
256.50000,
256.56250,
256.56250,
256.59375,
256.56250,
256.59375,
256.46875,
256.31250,
256.34375,
256.34375,
256.40625,
256.31250,
256.37500,
256.34375,
256.28125,
256.31250,
256.40625,
256.37500,
256.34375,
256.28125,
256.15625,
256.15625,
256.21875,
256.12500,
256.03125,
256.03125,
256.06250,
255.96875,
255.93750,
255.81250,
255.78125,
255.75000,
255.78125,
255.81250,
255.81250,
255.87500,
255.87500,
255.90625,
255.96875,
256.09375,
256.06250,
256.09375,
255.93750,
255.96875,
255.78125,
255.78125,
255.84375,
255.71875,
255.62500,
255.68750,
255.65625,
255.81250,
255.87500,
255.78125,
255.65625,
255.62500,
255.65625,
255.75000,
255.75000,
255.81250,
255.81250,
256.03125,
256.06250,
256.03125,
255.87500,
255.96875,
255.96875,
255.93750,
255.81250,
255.68750,
255.71875,
255.65625,
255.71875,
255.68750,
255.68750,
255.71875,
255.84375,
255.84375,
255.87500,
255.90625,
255.87500,
255.84375,
255.90625,
255.81250,
255.78125,
255.84375,
255.87500,
255.90625,
256.00000,
255.90625,
255.90625,
255.87500,
255.90625,
255.87500,
255.87500,
256.00000,
256.18750,
256.12500,
256.06250,
256.06250,
256.09375,
256.12500,
256.09375,
256.12500,
256.15625,
256.21875,
256.25000,
256.25000,
256.25000,
256.21875,
256.25000,
256.34375,
256.37500,
256.34375,
256.43750,
256.50000,
256.46875,
256.46875,
256.59375,
256.59375,
256.43750,
256.53125,
256.56250,
256.59375,
256.46875,
256.31250,
256.31250,
256.25000,
256.18750,
256.15625,
256.12500,
256.00000,
256.06250,
256.00000,
255.96875,
256.03125,
255.90625,
255.90625,
256.00000,
255.93750,
255.90625,
255.90625,
255.87500,
255.78125,
255.71875,
255.81250,
255.78125,
255.81250,
255.87500,
255.90625,
255.84375,
255.78125,
255.81250,
255.81250,
255.71875,
255.68750,
255.78125,
255.78125,
255.78125,
255.78125,
255.84375,
255.75000,
255.93750,
256.09375,
256.06250,
256.12500,
256.15625,
256.09375,
256.12500,
256.03125,
255.87500,
255.90625,
256.00000,
255.96875,
256.00000,
256.03125,
256.15625,
256.03125,
255.96875,
256.00000,
255.87500,
255.93750,
256.06250,
256.09375,
256.12500,
256.00000,
256.09375,
256.12500,
256.06250,
256.18750,
256.18750,
256.03125,
256.00000,
256.15625,
256.09375,
256.09375,
256.09375,
256.09375,
256.21875,
256.25000,
256.15625,
256.18750,
256.31250,
256.34375,
256.31250,
256.31250,
256.28125,
256.21875,
256.12500,
256.28125,
256.21875,
256.15625,
256.18750,
256.06250,
256.03125,
256.03125,
256.06250,
256.18750,
256.21875,
256.15625,
256.18750,
256.03125,
256.09375,
256.18750,
256.06250,
255.96875,
255.87500,
255.81250,
255.78125,
255.75000,
255.65625,
255.56250,
255.62500,
255.62500,
255.59375,
255.59375,
255.59375,
255.65625,
255.65625,
255.71875,
255.65625,
255.56250,
255.56250,
255.59375,
255.59375,
255.68750,
255.62500,
255.71875,
255.65625,
255.68750,
255.65625,
255.65625,
255.68750,
255.78125,
255.68750,
255.71875,
255.81250,
255.75000,
255.78125,
255.84375,
255.87500,
255.87500,
255.96875,
256.00000,
256.06250,
256.12500,
256.15625,
256.12500,
256.00000,
256.06250,
256.03125,
255.90625,
256.00000,
256.03125,
256.00000,
255.90625,
255.87500,
255.81250,
255.90625,
255.75000,
255.81250,
255.68750,
255.65625,
255.71875,
255.71875,
255.68750,
255.75000,
255.84375,
255.81250,
255.84375,
255.81250,
255.81250,
255.90625,
256.03125,
255.93750,
255.96875,
255.96875,
255.96875,
255.96875,
256.00000,
256.18750,
256.12500,
256.21875,
256.31250,
256.28125,
256.28125,
256.21875,
256.21875,
256.34375,
256.40625,
256.31250,
256.37500,
256.43750,
256.59375,
256.59375,
256.56250,
256.59375,
256.59375,
256.59375,
256.59375,
256.62500,
256.62500,
256.68750,
256.65625,
256.50000,
256.34375,
256.40625,
256.40625,
256.37500,
256.21875,
256.28125,
256.25000,
256.25000,
256.21875,
256.62500,
257.56250,
259.03125,
260.71875,
262.93750,
264.78125,
266.09375,
267.03125,
267.59375,
267.87500,
267.81250,
267.46875,
267.09375,
266.62500,
266.00000,
265.43750,
264.96875,
264.56250,
267.06250,
269.62500,
272.15625,
274.71875,
277.28125,
279.78125,
282.09375,
282.06250,
282.12500,
282.25000,
282.18750,
282.18750,
282.12500,
282.15625,
281.71875,
280.68750,
279.28125,
277.46875,
275.40625,
273.62500,
272.28125,
271.37500,
270.71875,
270.40625,
270.40625,
270.68750,
271.09375,
271.56250,
272.15625,
272.75000,
273.12500,
273.56250,
271.00000,
268.50000,
265.93750,
263.37500,
260.84375,
258.31250,
255.84375,
255.87500,
255.78125,
255.75000,
255.71875,
255.78125,
255.78125,
255.71875,
255.71875,
255.90625,
255.87500,
256.12500,
256.09375,
256.09375,
256.12500,
256.00000,
256.12500,
256.25000,
256.28125,
256.28125,
256.28125,
256.28125,
256.28125,
256.31250,
256.34375,
256.25000,
256.40625,
256.40625,
256.31250,
256.31250,
256.28125,
256.31250,
256.43750,
256.50000,
256.50000,
256.46875,
256.53125,
256.40625,
256.40625,
256.50000,
256.46875,
256.43750,
256.43750,
256.28125,
256.34375,
256.31250,
256.28125,
256.31250,
256.28125,
256.09375,
256.00000,
255.87500,
255.93750,
255.93750,
255.87500,
255.81250,
255.84375,
255.84375,
255.81250,
255.81250,
255.96875,
256.06250,
256.03125,
256.03125,
255.96875,
255.93750,
255.96875,
256.03125,
256.00000,
255.96875,
256.00000,
255.93750,
256.00000,
255.93750,
255.90625,
255.93750,
255.87500,
255.81250,
255.93750,
255.87500,
255.81250,
255.81250,
255.87500,
256.00000,
255.90625,
255.90625,
255.90625,
255.96875,
255.96875,
256.03125,
255.93750,
255.84375,
255.75000,
255.75000,
255.81250,
255.93750,
256.03125,
255.93750,
255.93750,
256.00000,
256.03125,
256.15625,
256.09375,
256.09375,
256.06250,
256.09375,
256.12500,
256.12500,
256.12500,
256.28125,
256.15625,
256.21875,
256.21875,
256.25000,
256.31250,
256.25000,
256.18750,
256.25000,
256.28125,
256.18750,
256.18750,
256.15625,
256.12500,
256.21875,
256.31250,
256.21875,
256.34375,
256.31250,
256.09375,
256.21875,
256.21875,
256.15625,
256.12500,
256.12500,
256.09375,
256.21875,
256.18750,
256.18750,
256.15625,
256.12500,
256.12500,
256.06250,
256.09375,
256.06250,
256.03125,
256.09375,
256.00000,
256.06250,
256.18750,
256.15625,
256.15625,
256.15625,
256.18750,
256.15625,
256.18750,
256.06250,
255.93750,
255.87500,
255.71875,
255.68750,
255.78125,
255.65625,
255.68750,
255.68750,
255.65625,
255.56250,
255.62500,
255.50000,
255.53125,
255.46875,
255.46875,
255.43750,
255.37500,
255.34375,
255.28125,
255.37500,
255.50000,
255.46875,
255.53125,
255.56250,
255.40625,
255.40625,
255.40625,
255.40625,
255.43750,
255.43750,
255.56250,
255.62500,
255.71875,
255.78125,
255.87500,
255.93750,
256.00000,
256.12500,
256.12500,
256.12500,
256.12500,
256.21875,
256.18750,
256.21875,
256.21875,
256.34375,
256.31250,
256.31250,
256.31250,
256.21875,
256.21875,
256.15625,
255.96875,
256.03125,
256.03125,
255.96875,
256.06250,
256.06250,
256.09375,
256.18750,
256.12500,
256.06250,
255.90625,
256.03125,
256.15625,
256.21875,
256.21875,
256.18750,
256.09375,
256.03125,
256.09375,
256.09375,
256.12500,
256.03125,
256.03125,
256.00000,
255.90625,
255.81250,
255.84375,
255.81250,
255.87500,
255.93750,
255.93750,
255.96875,
256.06250,
256.00000,
255.93750,
255.96875,
256.03125,
256.03125,
256.00000,
255.96875,
256.06250,
256.18750,
256.25000,
256.15625,
255.90625,
255.87500,
255.84375,
255.84375,
255.81250,
255.75000,
255.71875,
255.81250,
255.84375,
255.87500,
255.93750,
255.96875,
256.00000,
255.96875,
255.93750,
256.00000,
255.90625,
255.93750,
256.00000,
255.96875,
255.93750,
255.90625,
255.90625,
255.81250,
255.71875,
255.71875,
255.75000,
255.71875,
255.62500,
255.59375,
255.65625,
255.68750,
255.84375,
255.87500,
255.90625,
255.93750,
256.06250,
256.15625,
256.00000,
255.93750,
255.84375,
256.00000,
255.93750,
255.96875,
255.93750,
255.96875,
256.06250,
256.03125,
256.21875,
256.31250,
256.96875,
258.56250,
260.96875,
264.00000,
267.46875,
271.40625,
275.28125,
278.71875,
281.15625,
282.71875,
283.46875,
283.59375,
283.06250,
282.18750,
280.96875,
279.68750,
278.46875,
277.25000,
276.40625,
275.59375,
275.03125,
274.53125,
274.31250,
273.96875,
273.90625,
273.75000,
273.81250,
273.81250,
273.71875,
273.68750,
273.65625,
273.62500,
272.84375,
271.31250,
269.00000,
265.96875,
262.62500,
258.71875,
254.93750,
251.46875,
249.03125,
247.46875,
246.65625,
246.43750,
246.90625,
247.87500,
249.03125,
250.25000,
251.31250,
252.53125,
253.37500,
254.21875,
254.90625,
255.40625,
255.71875,
255.84375,
255.87500,
255.96875,
255.93750,
255.96875,
256.03125,
256.03125,
256.06250,
255.93750,
255.90625,
255.78125,
255.68750,
255.84375,
255.78125,
255.78125,
255.68750,
255.68750,
255.59375,
255.65625,
255.65625,
255.68750,
255.71875,
255.59375,
255.46875,
255.56250,
255.62500,
255.50000,
255.53125,
255.56250,
255.62500,
255.56250,
255.53125,
255.62500,
255.68750,
255.75000,
255.84375,
255.81250,
255.87500,
255.93750,
255.78125,
255.81250,
255.84375,
255.90625,
255.93750,
255.81250,
255.84375,
255.90625,
256.06250,
256.09375,
256.31250,
256.25000,
256.31250,
256.28125,
256.15625,
256.09375,
256.18750,
256.00000,
256.09375,
256.03125,
255.87500,
255.81250,
255.84375,
255.81250,
255.90625,
255.96875,
255.96875,
255.96875,
255.96875,
255.87500,
255.84375,
255.81250,
255.84375,
255.81250,
255.90625,
255.93750,
256.00000,
255.96875,
255.81250,
255.78125,
255.62500,
255.65625,
255.50000,
255.53125,
255.56250,
255.71875,
256.25000,
257.34375,
258.87500,
260.87500,
263.00000,
265.37500,
267.90625,
269.96875,
271.40625,
272.46875,
272.84375,
272.84375,
272.50000,
271.90625,
271.18750,
270.53125,
269.71875,
268.96875,
268.50000,
268.09375,
267.71875,
267.40625,
267.18750,
267.09375,
267.09375,
267.12500,
267.12500,
267.12500,
267.12500,
267.18750,
267.18750,
267.21875,
266.81250,
265.78125,
264.34375,
262.46875,
260.40625,
258.12500,
255.71875,
253.50000,
251.96875,
250.93750,
250.50000,
250.40625,
250.75000,
251.21875,
251.87500,
252.65625,
253.43750,
254.18750,
254.68750,
255.15625,
255.53125,
255.81250,
256.12500,
256.28125,
256.40625,
256.34375,
256.46875,
256.43750,
256.46875,
256.34375,
256.37500,
256.15625,
256.09375,
256.15625,
256.12500,
256.06250,
256.00000,
256.00000,
255.96875,
256.06250,
256.12500,
256.21875,
256.15625,
256.18750,
256.21875,
256.25000,
256.28125,
256.25000,
256.31250,
256.28125,
256.31250,
256.28125,
256.21875,
256.21875,
256.09375,
256.09375,
256.00000,
256.00000,
255.78125,
255.81250,
255.71875,
255.68750,
255.56250,
255.65625,
255.81250,
255.87500,
255.78125,
255.84375,
255.87500,
255.90625,
255.84375,
255.84375,
255.71875,
255.68750,
255.59375,
255.68750,
255.59375,
255.71875,
255.68750,
255.65625,
255.56250,
255.65625,
255.68750,
255.68750,
255.71875,
255.62500,
255.62500,
255.65625,
255.75000,
255.81250,
255.93750,
255.84375,
255.81250,
256.03125,
256.06250,
256.06250,
255.93750,
255.81250,
255.78125,
255.71875,
255.68750,
255.75000,
255.78125,
255.81250,
255.87500,
255.81250,
256.03125,
255.93750,
255.96875,
255.90625,
255.87500,
255.84375,
255.93750,
255.90625,
255.84375,
255.81250,
255.78125,
255.78125,
255.81250,
255.84375,
255.90625,
255.90625,
255.90625,
256.00000,
256.15625,
256.09375,
256.12500,
256.18750,
256.25000,
256.34375,
256.40625,
256.40625,
256.37500,
256.28125,
256.21875,
256.21875,
256.18750,
256.15625,
256.15625,
256.21875,
256.21875,
256.18750,
256.25000,
256.28125,
256.25000,
256.28125,
256.18750,
256.37500,
256.56250,
256.96875,
257.40625,
257.96875,
258.65625,
259.34375,
260.09375,
260.75000,
261.12500,
261.34375,
261.50000,
261.53125,
261.40625,
261.09375,
260.93750,
260.68750,
260.37500,
260.21875,
260.15625,
260.06250,
259.96875,
259.87500,
259.71875,
259.75000,
259.71875,
259.71875,
259.65625,
259.71875,
259.62500,
259.53125,
259.56250,
259.46875,
259.34375,
259.00000,
258.59375,
257.93750,
257.21875,
256.43750,
255.71875,
254.93750,
254.46875,
254.15625,
254.00000,
253.93750,
254.06250,
254.21875,
254.37500,
254.62500,
254.93750,
255.09375,
255.28125,
255.37500,
255.56250,
255.84375,
255.87500,
255.84375,
255.81250,
255.78125,
255.71875,
255.68750,
255.78125,
255.81250,
255.81250,
255.71875,
255.65625,
255.62500,
255.50000,
255.65625,
255.71875,
255.68750,
255.68750,
255.78125,
255.81250,
255.78125,
255.81250,
255.78125,
255.71875,
255.75000,
255.81250,
255.81250,
255.81250,
255.71875,
255.65625,
255.65625,
255.65625,
255.56250,
255.53125,
255.56250,
255.62500,
255.56250,
255.65625,
255.65625,
255.65625,
255.68750,
255.71875,
255.68750,
255.75000,
255.84375,
255.84375,
255.71875,
255.65625,
255.81250,
255.78125,
255.84375,
255.81250,
255.84375,
255.71875,
255.84375,
255.81250,
255.78125,
255.75000,
255.84375,
255.81250,
256.00000,
256.03125,
255.96875,
255.93750,
255.87500,
255.93750,
255.84375,
255.81250,
255.90625,
255.93750,
255.93750,
255.90625,
255.90625,
255.90625,
256.09375,
256.03125,
256.06250,
256.15625,
256.21875,
256.09375,
256.00000,
256.03125,
256.06250,
256.09375,
256.09375,
256.15625,
256.00000,
255.93750,
256.09375,
256.12500,
256.09375,
256.03125,
255.96875,
256.00000,
256.06250,
256.00000,
256.03125,
256.03125,
256.06250,
256.15625,
256.15625,
256.12500,
256.03125,
256.06250,
256.03125,
255.96875,
255.96875,
255.93750,
255.90625,
255.87500,
255.81250,
255.87500,
255.81250,
255.78125,
255.62500,
255.56250,
255.56250,
255.59375,
255.68750,
255.87500,
255.78125,
255.75000,
255.65625,
255.78125,
255.75000,
255.75000,
255.84375,
255.90625,
255.90625,
255.81250,
255.78125,
255.78125,
255.81250,
255.75000,
255.78125,
255.71875,
255.71875,
255.87500,
255.71875,
255.84375,
255.78125,
255.81250,
255.87500,
255.90625,
255.96875,
256.03125,
256.15625,
256.25000,
256.28125,
256.28125,
256.21875,
256.12500,
256.15625,
256.25000,
256.37500,
256.46875,
256.53125,
256.53125,
256.43750,
256.43750,
256.43750,
256.56250,
256.59375,
256.56250,
256.56250,
256.62500,
256.68750,
256.71875,
256.87500,
256.78125,
256.84375,
256.75000,
256.71875,
256.75000,
256.68750,
256.68750,
256.62500,
256.59375,
256.50000,
256.46875,
256.40625,
256.46875,
256.40625,
256.40625,
256.40625,
256.31250,
256.40625,
256.25000,
256.12500,
256.15625,
256.09375,
256.06250,
255.96875,
255.81250,
255.84375,
255.87500,
255.87500,
255.84375,
255.87500,
255.87500,
255.62500,
255.68750,
255.68750,
255.65625,
255.71875,
255.65625,
255.71875,
255.68750,
255.75000,
255.81250,
255.84375,
255.90625,
255.84375,
255.81250,
255.84375,
255.75000,
255.65625,
255.68750,
255.43750,
255.43750,
255.53125,
255.50000,
255.56250,
255.56250,
255.65625,
255.75000,
255.65625,
255.53125,
255.46875,
255.46875,
255.37500,
255.34375,
255.56250,
255.43750,
255.31250,
255.37500,
255.21875,
255.18750,
255.18750,
255.12500,
255.06250,
254.93750,
254.93750,
254.84375,
254.96875,
254.90625,
254.96875,
255.03125,
255.15625,
255.15625,
255.15625,
255.21875,
255.21875,
255.18750,
255.15625,
255.09375,
255.18750,
255.21875,
255.25000,
255.31250,
255.43750,
255.50000,
255.50000,
255.50000,
255.37500,
255.50000,
255.62500,
255.65625,
255.81250,
255.81250,
255.71875,
255.68750,
255.75000,
255.78125,
255.65625,
255.68750,
255.75000,
255.75000,
255.81250,
255.90625,
255.81250,
255.68750,
255.75000,
255.65625,
255.68750,
255.71875,
255.84375,
255.90625,
255.87500,
255.87500,
255.93750,
255.90625,
255.84375,
255.75000,
255.87500,
255.90625,
255.93750,
255.93750,
256.06250,
256.12500,
256.09375,
256.18750,
256.28125,
256.37500,
256.34375,
256.28125,
256.43750,
256.34375,
256.21875,
256.21875,
256.18750,
256.12500,
256.25000,
256.43750,
256.43750,
256.50000,
256.46875,
256.50000,
256.40625,
256.40625,
256.37500,
256.37500,
256.28125,
256.21875,
256.21875,
256.28125,
256.28125,
256.21875,
256.21875,
256.18750,
256.06250,
255.90625,
255.87500,
255.84375,
255.84375,
255.84375,
255.87500,
255.93750,
255.93750,
256.03125,
256.03125,
256.12500,
256.06250,
256.03125,
255.93750,
255.87500,
255.84375,
255.84375,
255.84375,
255.84375,
255.93750,
255.87500,
255.81250,
255.84375,
255.84375,
255.96875,
255.96875,
256.00000,
255.96875,
256.15625,
256.09375,
255.96875,
256.00000,
256.00000,
256.00000,
255.84375,
255.71875,
255.68750,
255.68750,
255.65625,
255.56250,
255.59375,
255.56250,
255.59375,
255.59375,
255.68750,
255.65625,
255.62500,
255.71875,
255.75000,
255.75000,
255.75000,
255.59375,
255.56250,
255.50000,
255.40625,
255.43750,
255.31250,
255.25000,
255.25000,
255.18750,
255.00000,
255.06250,
255.12500,
255.06250,
255.12500,
255.15625,
255.34375,
255.40625,
255.50000,
255.46875,
255.50000,
255.53125,
255.56250,
255.65625,
255.56250,
255.50000,
255.40625,
255.46875,
255.50000,
255.53125,
255.43750,
255.46875,
255.37500,
255.37500,
255.43750,
255.56250,
255.59375,
255.62500,
255.71875,
255.84375,
255.84375,
255.75000,
255.81250,
255.90625,
256.03125,
256.00000,
256.03125,
256.03125,
255.96875,
255.93750,
255.90625,
255.93750,
256.00000,
255.93750,
255.81250,
255.87500,
255.87500,
255.93750,
255.93750,
255.81250,
255.78125,
255.75000,
255.87500,
255.81250,
255.87500,
255.87500,
255.93750,
255.96875,
256.00000,
255.93750,
256.00000,
255.93750,
255.90625,
256.03125,
256.00000,
255.81250,
255.81250,
255.90625,
255.87500,
255.90625,
255.84375,
255.87500,
255.71875,
255.78125,
255.68750,
255.81250,
255.93750,
255.90625,
255.93750,
255.93750,
255.93750,
256.03125,
256.03125,
255.96875,
255.84375,
255.90625,
255.84375,
255.90625,
255.84375,
255.78125,
255.65625,
255.65625,
255.53125,
255.56250,
255.53125,
255.53125,
255.50000,
255.50000,
255.46875,
255.37500,
255.31250,
255.31250,
255.37500,
255.46875,
255.65625,
255.68750,
255.78125,
255.71875,
255.68750,
255.59375,
255.53125,
255.59375,
255.56250,
255.56250,
255.59375,
255.68750,
255.78125,
255.81250,
256.03125,
256.03125,
256.09375,
256.15625,
256.28125,
256.34375,
256.37500,
256.40625,
256.40625,
256.43750,
256.56250,
256.68750,
256.65625,
256.75000,
256.84375,
256.81250,
256.84375,
256.75000,
256.78125,
256.78125,
256.78125,
256.90625,
256.90625,
256.96875,
257.09375,
257.00000,
257.12500,
257.06250,
257.06250,
256.93750,
256.90625,
256.81250,
256.71875,
256.75000,
256.71875,
256.59375,
256.59375,
256.75000,
256.84375,
256.78125,
256.78125,
256.87500,
256.84375,
256.81250,
256.81250,
256.87500,
256.81250,
256.93750,
256.87500,
256.96875,
256.84375,
256.75000,
256.71875,
256.59375,
256.59375,
256.50000,
256.34375,
256.34375,
256.25000,
256.31250,
256.25000,
256.37500,
256.34375,
256.37500,
256.31250,
256.25000,
256.28125,
256.37500,
256.31250,
256.09375,
256.06250,
256.12500,
256.25000,
256.15625,
256.18750,
256.21875,
256.12500,
256.09375,
256.00000,
255.96875,
256.00000,
255.96875,
255.96875,
255.96875,
255.93750,
255.96875,
255.93750,
255.90625,
255.96875,
255.90625,
256.00000,
256.06250,
256.12500,
256.03125,
256.03125,
256.00000,
255.93750,
256.00000,
255.93750,
256.03125,
256.12500,
256.09375,
256.03125,
255.93750,
255.84375,
255.84375,
255.84375,
255.90625,
255.96875,
255.96875,
256.12500,
256.03125,
256.03125,
255.96875,
256.00000,
256.00000,
256.00000,
256.03125,
255.96875,
256.18750,
256.28125,
256.37500,
256.28125,
256.15625,
256.15625,
256.18750,
256.21875,
256.28125,
256.34375,
256.28125,
256.25000,
256.12500,
256.03125,
256.12500,
256.09375,
256.15625,
256.12500,
256.03125,
255.90625,
255.81250,
255.81250,
255.68750,
255.65625,
255.87500,
255.84375,
255.90625,
255.87500,
255.87500,
255.87500,
255.87500,
255.93750,
255.81250,
255.65625,
255.56250,
255.56250,
255.59375,
255.56250,
255.56250,
255.62500,
255.65625,
255.65625,
255.65625,
255.75000,
255.71875,
255.81250,
255.81250,
255.81250,
255.75000,
255.71875,
255.84375,
255.96875,
255.93750,
256.03125,
256.00000,
256.06250,
255.90625,
256.00000,
255.93750,
255.96875,
256.03125,
256.00000,
255.93750,
255.93750,
255.96875,
255.93750,
255.93750,
256.03125,
256.15625,
256.18750,
256.18750,
256.09375,
256.00000,
255.96875,
255.93750,
255.93750,
255.96875,
255.93750,
255.90625,
256.00000,
255.93750,
256.00000,
255.96875,
255.93750,
255.93750,
255.87500,
255.93750,
255.81250,
255.78125,
255.75000,
255.78125,
255.81250,
255.71875,
255.71875,
255.71875,
255.62500,
255.68750,
255.78125,
255.81250,
255.68750,
255.56250,
255.53125,
255.50000,
255.62500,
255.68750,
255.68750,
255.71875,
255.65625,
255.65625,
255.68750,
255.56250,
255.62500,
255.78125,
255.75000,
255.68750,
255.65625,
255.65625,
255.65625,
255.68750,
255.71875,
255.68750,
255.62500,
255.62500,
255.65625,
255.71875,
255.78125,
255.81250,
255.87500,
255.78125,
255.75000,
255.87500,
255.90625,
255.93750,
255.93750,
255.96875,
255.84375,
255.87500,
255.84375,
255.90625,
256.03125,
256.12500,
256.00000,
256.09375,
256.06250,
255.93750,
256.03125,
256.09375,
256.09375,
256.12500,
256.15625,
256.15625,
256.09375,
256.15625,
256.15625,
256.12500,
256.09375,
256.12500,
256.06250,
256.03125,
256.03125,
255.90625,
255.87500,
255.75000,
255.68750,
255.65625,
255.59375,
255.56250,
255.56250,
255.50000,
255.50000,
255.43750,
255.28125,
255.21875,
255.31250,
255.37500,
255.31250,
255.34375,
255.34375,
255.25000,
255.31250,
255.34375,
255.34375,
255.21875,
255.28125,
255.21875,
255.28125,
255.37500,
255.31250,
255.31250,
255.28125,
255.28125,
255.37500,
255.56250,
255.65625,
255.59375,
255.65625,
255.68750,
255.75000,
255.90625,
255.93750,
255.87500,
255.93750,
255.96875,
255.96875,
255.90625,
255.87500,
255.84375,
255.84375,
256.00000,
255.90625,
255.96875,
255.93750,
255.87500,
255.81250,
256.00000,
256.09375,
256.18750,
256.21875,
256.12500,
256.12500,
256.12500,
256.21875,
256.28125,
256.18750,
256.09375,
256.03125,
256.18750,
256.25000,
256.18750,
256.18750,
256.00000,
256.06250,
256.06250,
256.09375,
256.12500,
256.18750,
256.25000,
256.34375,
256.37500,
256.50000,
256.40625,
256.78125,
257.46875,
258.50000,
259.93750,
261.53125,
262.87500,
263.90625,
264.65625,
265.00000,
265.18750,
265.25000,
265.09375,
264.75000,
264.43750,
264.03125,
263.62500,
263.31250,
263.00000,
262.68750,
262.56250,
262.46875,
262.37500,
262.28125,
262.28125,
262.21875,
262.18750,
262.15625,
262.09375,
262.06250,
262.09375,
262.00000,
261.93750,
261.53125,
260.84375,
259.78125,
258.37500,
256.84375,
255.53125,
254.34375,
253.46875,
253.09375,
252.90625,
252.90625,
253.00000,
253.25000,
253.53125,
254.03125,
254.50000,
254.93750,
255.12500,
255.46875,
255.62500,
255.71875,
255.93750,
255.96875,
256.00000,
256.00000,
256.00000,
255.90625,
255.96875,
256.00000,
255.96875,
255.90625,
256.03125,
256.12500,
256.09375,
256.06250,
256.03125,
256.00000,
255.93750,
256.06250,
256.12500,
256.09375,
256.09375,
256.03125,
255.93750,
255.93750,
255.96875,
255.87500,
255.84375,
255.71875,
255.90625,
255.87500,
256.03125,
256.00000,
256.06250,
256.15625,
256.18750,
256.15625,
256.15625,
256.28125,
256.31250,
256.25000,
256.15625,
256.28125,
256.18750,
256.21875,
256.18750,
256.15625,
256.15625,
256.21875,
256.15625,
256.18750,
256.21875,
256.21875,
256.15625,
256.21875,
256.37500,
256.40625,
256.43750,
256.37500,
256.34375,
256.34375,
256.37500,
256.34375,
256.31250,
256.37500,
256.25000,
256.12500,
256.06250,
256.09375,
256.12500,
256.12500,
256.09375,
256.15625,
256.21875,
256.12500,
256.09375,
256.03125,
256.12500,
256.21875,
256.25000,
256.18750,
256.18750,
256.18750,
256.09375,
256.18750,
256.21875,
256.18750,
256.09375,
256.03125,
255.93750,
256.09375,
256.15625,
256.15625,
256.15625,
256.18750,
256.25000,
256.28125,
256.21875,
256.28125,
256.28125,
256.31250,
256.21875,
256.15625,
256.06250,
255.93750,
255.81250,
255.81250,
255.87500,
255.90625,
255.90625,
255.93750,
255.90625,
255.84375,
255.90625,
255.81250,
255.90625,
255.87500,
255.90625,
255.93750,
256.06250,
256.18750,
256.25000,
256.12500,
256.03125,
256.00000,
255.78125,
255.81250,
255.59375,
255.56250,
255.65625,
255.65625,
255.78125,
255.81250,
255.87500,
256.00000,
256.12500,
256.18750,
256.31250,
256.28125,
256.28125,
256.28125,
256.18750,
256.12500,
256.15625,
256.25000,
256.18750,
256.18750,
256.12500,
256.06250,
256.12500,
256.12500,
256.03125,
255.90625,
255.93750,
255.93750,
255.90625,
256.00000,
256.03125,
256.03125,
256.12500,
256.18750,
256.18750,
256.06250,
255.93750,
255.84375,
255.84375,
255.87500,
255.75000,
255.78125,
255.78125,
255.84375,
255.78125,
255.75000,
255.84375,
255.84375,
255.84375,
255.78125,
255.81250,
255.87500,
255.87500,
255.87500,
255.75000,
255.78125,
255.75000,
255.75000,
255.71875,
255.81250,
255.71875,
255.59375,
255.62500,
255.65625,
255.59375,
255.43750,
255.37500,
255.53125,
255.65625,
255.68750,
255.71875,
255.71875,
255.81250,
255.71875,
255.68750,
255.65625,
255.65625,
255.65625,
255.68750,
255.75000,
255.75000,
255.75000,
255.81250,
255.78125,
255.87500,
255.81250,
255.90625,
255.84375,
255.81250,
255.93750,
255.84375,
255.84375,
256.06250,
256.12500,
256.12500,
255.96875,
256.03125,
256.00000,
256.00000,
255.84375,
255.81250,
255.78125,
255.68750,
255.56250,
255.50000,
255.56250,
255.65625,
255.68750,
255.65625,
255.71875,
255.65625,
255.56250,
255.50000,
255.53125,
255.46875,
255.46875,
255.37500,
255.43750,
255.46875,
255.43750,
255.50000,
255.43750,
255.53125,
255.46875,
255.50000,
255.65625,
255.62500,
255.68750,
255.62500,
255.68750,
255.71875,
255.71875,
255.68750,
255.78125,
255.81250,
255.81250,
255.84375,
255.78125,
255.71875,
255.75000,
255.84375,
255.84375,
255.90625,
255.93750,
255.93750,
256.00000,
256.06250,
256.03125,
256.12500,
256.12500,
256.18750,
256.21875,
256.28125,
256.37500,
256.28125,
256.37500,
256.31250,
256.18750,
256.21875,
256.18750,
256.18750,
256.25000,
256.25000,
256.34375,
256.37500,
256.28125,
256.25000,
256.25000,
256.25000,
256.31250,
256.34375,
256.28125,
256.21875,
256.12500,
256.12500,
256.06250,
256.09375,
256.06250,
256.06250,
256.40625,
257.37500,
258.78125,
260.43750,
262.62500,
264.93750,
267.34375,
269.56250,
271.09375,
272.09375,
272.59375,
272.68750,
272.50000,
272.03125,
271.34375,
270.65625,
269.90625,
269.12500,
268.65625,
268.21875,
267.90625,
267.53125,
267.34375,
267.09375,
267.03125,
267.03125,
267.03125,
266.96875,
266.96875,
266.96875,
266.93750,
266.84375,
266.46875,
265.46875,
264.03125,
262.25000,
260.03125,
257.65625,
255.28125,
253.09375,
251.50000,
250.50000,
250.06250,
250.06250,
250.34375,
250.84375,
251.46875,
252.18750,
252.84375,
253.71875,
254.15625,
254.71875,
255.00000,
255.37500,
255.59375,
255.87500,
255.96875,
256.03125,
256.06250,
256.00000,
256.09375,
256.15625,
256.12500,
256.12500,
256.21875,
256.21875,
256.25000,
256.18750,
256.25000,
256.28125,
256.18750,
256.15625,
256.18750,
256.15625,
256.06250,
255.96875,
255.87500,
255.84375,
255.93750,
255.84375,
256.00000,
255.90625,
255.93750,
255.90625,
255.90625,
255.87500,
255.81250,
255.75000,
255.78125,
255.68750,
255.75000,
255.81250,
255.78125,
255.75000,
255.75000,
255.78125,
255.65625,
255.56250,
255.56250,
255.62500,
255.65625,
255.71875,
255.71875,
255.84375,
255.75000,
255.78125,
255.78125,
255.87500,
255.87500,
255.93750,
255.81250,
255.87500,
255.78125,
255.75000,
255.87500,
255.84375,
255.87500,
255.90625,
255.93750,
255.87500,
255.75000,
255.87500,
255.75000,
255.75000,
255.68750,
255.65625,
255.71875,
255.68750,
255.93750,
255.93750,
255.81250,
255.81250,
255.78125,
255.75000,
255.71875,
255.68750,
255.81250,
255.90625,
255.87500,
255.87500,
256.37500,
257.40625,
259.18750,
261.18750,
263.65625,
266.31250,
268.93750,
271.34375,
273.09375,
274.40625,
274.93750,
275.06250,
274.81250,
274.21875,
273.46875,
272.50000,
271.75000,
271.06250,
270.40625,
269.90625,
269.34375,
269.12500,
269.00000,
268.84375,
268.78125,
268.62500,
268.59375,
268.53125,
268.53125,
268.43750,
268.31250,
268.25000,
267.71875,
266.78125,
265.03125,
263.09375,
260.62500,
258.03125,
255.28125,
252.87500,
251.18750,
249.84375,
249.37500,
249.21875,
249.71875,
250.12500,
250.90625,
251.93750,
252.71875,
253.43750,
254.06250,
254.50000,
254.87500,
255.21875,
255.46875,
255.59375,
255.56250,
255.81250,
255.84375,
255.81250,
255.71875,
255.71875,
255.96875,
255.96875,
255.96875,
255.75000,
255.81250,
255.78125,
255.81250,
255.75000,
255.90625,
255.90625,
255.87500,
255.96875,
255.87500,
256.00000,
255.90625,
255.96875,
255.90625,
255.90625,
255.93750,
255.90625,
255.87500,
255.93750,
255.93750,
255.81250,
255.87500,
255.84375,
255.90625,
255.78125,
255.68750,
255.78125,
255.84375,
256.00000,
255.90625,
255.96875,
256.03125,
256.06250,
256.03125,
256.03125,
255.96875,
255.87500,
255.78125,
255.78125,
255.68750,
255.65625,
255.71875,
255.68750,
255.68750,
255.68750,
255.78125,
255.78125,
255.71875,
255.75000,
255.84375,
255.87500,
255.84375,
255.81250,
255.78125,
255.75000,
255.78125,
255.84375,
255.96875,
255.96875,
255.93750,
255.81250,
255.81250,
255.68750,
255.65625,
255.59375,
255.56250,
255.50000,
255.53125,
255.56250,
255.65625,
255.68750,
255.81250,
255.78125,
255.75000,
255.71875,
255.62500,
255.68750,
255.78125,
255.71875,
255.75000,
255.81250,
255.71875,
255.81250,
255.93750,
255.96875,
256.00000,
256.15625,
256.09375,
256.00000,
256.12500,
256.09375,
256.12500,
256.18750,
256.25000,
256.40625,
256.37500,
256.46875,
256.50000,
256.50000,
256.56250,
256.59375,
256.46875,
256.43750,
256.40625,
256.34375,
256.40625,
256.43750,
256.46875,
256.43750,
256.46875,
256.46875,
256.62500,
256.53125,
256.62500,
256.56250,
256.65625,
257.06250,
257.65625,
258.40625,
259.25000,
260.09375,
260.81250,
261.75000,
262.43750,
262.81250,
263.06250,
263.00000,
262.87500,
262.68750,
262.37500,
262.15625,
261.81250,
261.53125,
261.28125,
261.12500,
260.96875,
260.84375,
260.62500,
260.59375,
260.56250,
260.62500,
260.56250,
260.56250,
260.34375,
260.28125,
260.21875,
260.21875,
260.06250,
259.78125,
259.09375,
258.18750,
257.40625,
256.53125,
255.62500,
254.68750,
254.00000,
253.56250,
253.31250,
253.31250,
253.53125,
253.78125,
254.00000,
254.31250,
254.65625,
254.96875,
255.18750,
255.28125,
255.34375,
255.56250,
255.71875,
255.78125,
255.84375,
255.75000,
255.65625,
255.68750,
255.75000,
255.81250,
255.81250,
255.78125,
255.81250,
255.68750,
255.68750,
255.71875,
255.62500,
255.71875,
255.75000,
255.68750,
255.62500,
255.65625,
255.59375,
255.62500,
255.59375,
255.59375,
255.71875,
255.75000,
255.75000,
255.59375,
255.53125,
255.65625,
255.71875,
255.71875,
255.62500,
255.56250,
255.53125,
255.62500,
255.65625,
255.59375,
255.56250,
255.59375,
255.62500,
255.65625,
255.62500,
255.71875,
255.78125,
255.81250,
255.87500,
255.90625,
256.03125,
256.06250,
256.03125,
256.06250,
256.09375,
255.93750,
255.87500,
255.81250,
255.75000,
255.62500,
255.65625,
255.78125,
255.96875,
255.96875,
256.12500,
256.15625,
256.25000,
256.28125,
256.37500,
256.34375,
256.31250,
256.31250,
256.40625,
256.40625,
256.43750,
256.40625,
256.43750,
256.34375,
256.28125,
256.34375,
256.40625,
256.37500,
256.28125,
256.34375,
256.34375,
256.34375,
256.34375,
256.43750,
256.46875,
256.56250,
256.59375,
256.68750,
256.62500,
256.68750,
256.62500,
256.62500,
256.53125,
256.43750,
256.40625,
256.40625,
256.28125,
256.21875,
256.21875,
256.25000,
256.18750,
256.18750,
256.06250,
256.09375,
256.06250,
256.15625,
256.12500,
